#Clustering: 5 clusters 1000 frames
#Cluster 0 has average-distance-to-centroid 0.813465
#Cluster 1 has average-distance-to-centroid 0.812822
#Cluster 2 has average-distance-to-centroid 0.707900
#Cluster 3 has average-distance-to-centroid 0.544099
#Cluster 4 has average-distance-to-centroid 0.000000
#DBI: 1.697861
#pSF: 60.285098
#SSR/SST: 0.195075
#Algorithm: Kmeans nclusters 5 maxit 500
...........................................................................................................................................................................................................................................................................................................................................................................................................................X......................X..XX.XX.XXXX.....XXXXXXXXXX.XXX.XXXXX.X.XXXXXXXXXXXXXXXXXXXXXXXXXXXXXXXXXXXXXXXXXXXXXXXXXXXXXXXXXXXXXXXXXXXXXXXXXXXXXXXXXXXXXXXXXXXXXXXXXXXXXXXXXXXXXXXXXXXXXXXXXXXXXXXXXXXX.X...XXXXXXXXXXXXXXXXXXXXXXXXXXXXXXXXXXXXXXXXXXXXXXXXXXXXXXXXXXXXXXXXXXXXXXXXXXXXXXXXXXXXXXXXXXXXXXXXXXXXXXXXXXXXXXXXXXXXXXXXXXXXXXXXXXXXXXXXXXXXXXXXXXXXXXXXXXXXXXXXXXXXXXXXXXXXXXXXXXXXXXXXXXXXXXXXXXXXXXXXXXXXXXXXXXXXXXXXXXXXXXXXXXXXXXXXXXXXXXXXXXXXXX.XXXXXXXXXXXXXX.XXXXXXXXXXXXXXXXXXXXXXXXXXXXXXXXXXXXXXXXXXXXXXXXXXXXXXXXXXXXXXXXXXXXXXXXXXXXXX.XXXXXXXXXXXXXXXXXXXXXXXXXXXXXXXXXXXXXXXXXXXXXXX
XXXXXXXXXXXXXXXXXXXXXXXXXX.......................XXXXXXXXXXXXXXXXXXXXXXXXXXXXXXXXXXXXXXXXXXXXXXXXXXXXXXXXXXXXXXXXXXXXXXXXXXXXXXXXXXXXXXXXXXX.XXXXXXXXXXXXXXXXXXXXXXXXXXXXXXXXXXXXXXXXXXXXXXXXXXXXXXXXXXXXXXXXXXXXXXXXXXXXXXXXXXXXXXXXXXXXXXXXXXXXXXXXXXXXXXXXXXXXXXXXXXXXXXXXXXXXXXXXXXXXXXXXXXXXXXXXXXXXXXXXXXXXXXXXXXXXXXXXXXXXXXXXXXXXXXXXXXXXXXXXXXXXXXXXXXXXXXXXXXXXXXXXXXXXXXXXXXXXXXXXXXXXXXXXXXXXXXXXXXXXXXXXXXXXXX.XXXXXXXXXXXXXXXXXXXXXX.XX..X..X....XXXXX..........X...X.....X.X...............................................................................................................................................................................................................................................................................................................................................................................................X..............X..............................................................................X...............................................
..........................XXXXXXXXXXXXXXXXXXXXXXX.......................................................................................................................................................................................................................................................................................................................................................................................................................................................................................................................................................................................................................................................................................................................................................................................................................................................................................................................................................................................
...............................................................................................................................................................................................................................................................................................................................................................................................................................................................................................................................................................................................................................X.XXX....................................................................................................................................................................................................................................................................................................................................................................................................
............................................................................................................................................X...........................................................................................................................................................................................................................................................................................................................................................................................................................................................................................................................................................................................................................................................................................................................................................................................................................................................................................
#Representative frames: 583 313 41 611 141
#Sieve value: 10 (random)
#Sieved frames: 4 9 20 27 44 50 72 95 101 117 125 126 135 137 141 148 162 165 172 180 193 213 219 220 227 240 270 281 283 287 291 302 328 337 371 374 398 415 417 421 435 444 467 468 470 481 512 513 528 551 560 594 596 611 621 631 639 647 652 654 657 667 670 679 681 696 704 707 738 757 762 771 775 780 782 785 794 819 827 842 845 848 849 862 866 873 876 879 884 886 895 910 937 941 985 986 992 996 997 999
