#Frame      Mode1    Mode2    Mode3    Mode4    Mode5    Mode6    Mode7    Mode8    Mode9   Mode10
       1    6.654   -4.579   11.126   -3.847   -9.140    1.714    1.785    4.695    3.214   -0.324
       2   12.518   -5.080    8.822    0.262   -9.967    9.568    0.405    1.960   -0.803    1.917
       3   10.211   -5.497    8.061   -1.398   -8.492   -1.029    0.177   -1.836   -1.957    3.730
       4   10.426   -2.821    6.311   -4.708   -8.297    7.523   -2.981    1.360   -0.301    0.974
       5   10.386   -6.216   11.887    0.998   -9.321    2.268   -1.636    1.299   -1.594   -1.936
       6    7.206   -4.275   11.310   -2.728   -8.155    2.155   -0.068    4.008    0.641    0.977
       7   12.407   -0.533   17.883   -2.176   -9.473    7.871    1.360    6.352   -0.787    0.093
       8    7.339   -0.802    9.533   -6.868   -5.488    7.265    0.518    4.014    2.325   -0.396
       9    9.122   -0.726   14.385   -4.855   -8.964    3.110    2.798    0.342   -2.447   -1.022
      10    9.975    1.112   12.786   -1.696  -11.933    4.514    4.284    1.501   -5.709   -2.401
      11   15.275   -1.216   14.872    4.718   -8.616    5.205    1.824    4.538    0.039    1.202
      12   10.951    3.777   13.457   -5.035   -6.887    9.527   -0.049    2.742   -1.576   -1.365
      13   11.186   -5.407   13.121   -0.326   -6.241    5.111    2.093    2.432   -2.591    1.640
      14    7.685   -1.139   15.063   -8.223   -8.272    5.545    1.674    3.884    1.497    0.873
      15    6.500   -3.534   10.499   -5.869   -9.371    5.415   -1.023    1.961    2.361   -0.119
      16    8.714   -1.010   10.723   -6.288   -8.877    1.012   -0.453    3.715    2.219   -2.500
      17    6.839   -1.608   11.985   -6.149   -3.326    1.852   -5.374    0.036    3.016   -0.709
      18   10.044   -4.924    9.195    1.596   -9.089    1.914    3.952    0.779    2.629    0.440
      19    7.559    1.235   13.561   -3.619  -11.705    3.426    0.227    1.063   -0.813    1.483
      20   10.284   -0.480   15.720    0.196  -11.781    3.356   -0.170    2.750    3.733    0.916
      21    8.027   -3.394    9.329   -3.392  -11.861    5.510   -2.297    1.980    2.758   -1.486
      22    7.734   -0.537    8.234   -7.972   -7.940    4.163    1.408    0.364    3.238    0.945
      23    9.336   -4.729    8.806   -1.281  -11.110    2.282   -0.055    3.916    3.953    0.320
      24    5.972   -7.563    8.889   -4.168   -5.669    0.983   -0.575    0.053    4.897    1.430
      25    7.792   -9.620    6.721   -2.959   -7.014   -0.785    3.940    0.119    3.903   -0.875
      26    7.708  -12.039    2.523    0.902   -6.937    3.142    1.630    3.359    3.865   -1.049
      27    7.263  -19.376    2.290    1.017  -13.613   -2.403   -1.021   -3.689    0.045   -1.127
      28    9.277  -21.397   -1.159    1.198  -11.865    5.593   -2.012   -2.115   -2.589    0.512
      29    7.666  -22.092   -1.930    1.740  -12.453   -1.941   -3.815   -8.636   -1.285   -1.521
      30    7.136  -13.774   -1.096   -0.303  -11.082    4.420  -11.502    4.099    1.992   -2.102
      31    6.137  -18.606   -4.658   -0.839   -6.245    0.585   -7.143   -2.347    3.659   -4.152
      32    9.258  -17.200    3.059    2.634  -12.787    1.294   -8.216   -0.626    1.282    0.847
      33    7.151  -16.620   -0.999   -7.552   -9.325    9.766   -7.717   -7.364    3.190    1.000
      34    9.431  -20.853    4.471    5.797  -16.138    2.679   -5.440   -0.030   -1.634   -0.796
      35   10.398  -15.953    3.642    0.246  -14.997    4.586   -7.523    0.602    4.821    0.880
      36   11.866  -14.170    1.246   -3.149  -11.663    7.024   -4.281   -3.070    1.224   -0.219
      37   11.204  -15.123    5.901    0.620  -14.326    6.669   -8.280    2.139    0.881   -3.006
      38   13.109   -9.935    5.708   -0.603  -14.619    9.521   -4.335   -5.684   -1.400    2.285
      39    4.223  -14.008   -4.864   -5.401  -10.451    4.041   -4.204   -3.747    1.184    0.856
      40    6.674  -17.781   -3.733   -1.644  -14.770    1.235   -4.098    0.111   -0.895   -6.990
      41   11.866  -19.071    1.354    1.873  -10.288   -1.595   -4.397   -5.564   -2.744   -2.182
      42    7.437  -20.784   -4.776    1.462   -9.701   -5.325   -3.066   -5.778   -1.927   -3.815
      43    7.177  -11.543    2.224   -5.808  -13.012    7.638   -6.784   -2.081   -4.381   -3.209
      44    5.466  -17.839   -2.540   -3.095  -12.096    6.384   -3.833   -2.043   -4.192   -0.229
      45   11.703  -10.920    5.975   -1.609  -11.577    2.701    1.851   -1.189   -6.014   -1.250
      46    5.274  -11.050    3.743   -4.543  -12.397    1.853   -4.204    0.297   -9.115   -2.821
      47    8.834  -11.322    4.381   -3.625  -11.795    2.227   -2.899   -4.005   -7.697   -0.473
      48    8.855  -11.745    5.917   -1.041  -11.988   -1.101    0.194   -2.301   -3.558    1.108
      49   12.557  -14.439    3.780    4.665  -12.972   -3.463    2.462   -4.183   -3.474    1.400
      50   13.653   -9.574    1.836    0.277   -9.270    4.892   -6.309   -0.343    0.996   -3.883
      51   10.807   -5.491    7.339   -4.429   -8.562    4.546   -8.291    1.375    2.312    1.077
      52   17.809   -1.087   12.600   -1.523   -7.138    1.988   -3.565    6.658    3.387    1.588
      53   14.341   -7.469    7.794    2.131   -4.735    1.568   -6.357    2.545   -3.939   -0.775
      54   14.870   -7.181   11.601    1.878   -6.355   -2.119   -2.840    5.885    0.283   -3.664
      55   11.845   -5.841    6.341   -3.143   -5.411    5.360    2.615    5.324   -1.890    2.038
      56    7.788   -0.674   11.018   -8.744   -5.874    3.097   -3.740    7.478   -0.718    0.469
      57    8.222   -3.046    0.570   -8.298   -1.374    0.692    0.175    2.692    4.451    0.390
      58    5.600   -1.262    2.475  -10.906   -6.137    6.546   -2.999    1.330    1.128   -0.394
      59   10.720   -3.899    4.811   -7.510   -4.561    3.666   -8.781   -4.034    3.372    2.917
      60   11.065   -7.844    2.973   -6.101   -8.861   -1.945    0.931   -1.187    3.994    2.738
      61    8.403   -7.484   -0.697   -8.587   -5.647    2.771    1.957   -3.684    2.817    2.696
      62    7.019   -0.699    0.359  -11.420   -4.478    2.285    2.045   -0.355    2.945   -0.632
      63    9.323   -6.502    0.229   -6.945   -0.119    0.281    0.814    1.478    4.056   -1.621
      64    7.469   -4.650    0.898   -5.694   -5.397    2.651   -2.313    0.870    3.411    3.394
      65    7.574   -3.033    1.998   -8.783   -1.822   -1.777    1.504    2.883    1.720    1.384
      66    7.944  -11.224   -5.372   -6.266    4.071   -0.543    3.507   -1.628    3.766    2.828
      67   16.955   -8.583   -1.013    2.865    2.330   -4.402   -1.715    2.988    4.978   -4.435
      68   11.603   -9.063   -5.421   -3.082    0.653    1.526   -3.952   -0.459   -0.201   -3.783
      69   13.408  -13.234   -2.971   -1.131    1.217   -5.624    6.358   -1.098    1.589   -1.020
      70   10.950   -8.775   -4.519   -3.886    0.654   -0.663   -1.086    2.693    2.008    0.549
      71    9.404  -12.235   -1.227   -4.879   -2.122   -5.788    6.669    1.530    1.274    1.889
      72    7.424   -8.429   -2.926   -7.154    0.307   -3.709    0.255    1.677    3.207   -0.676
      73    7.781  -11.110   -6.365   -8.305    0.945   -2.843    2.361    5.469    4.272   -0.008
      74    9.275  -11.698   -5.512   -8.909    1.998   -3.181   -1.599    0.417    2.733    4.020
      75   12.143   -9.368   -2.966   -4.773    2.706    0.367   -0.301    2.951    2.190    4.228
      76   13.623   -4.486   -1.365   -1.209    0.826   -1.211    2.182    1.837    1.096    5.607
      77   11.182   -2.252   -2.097   -5.152    1.349    1.094    0.789    1.190   -3.419   -2.888
      78    4.873   -5.582   -1.163   -5.290    2.869   -5.872   -3.091    4.578    2.889   -1.939
      79   11.389  -11.092    3.754   -1.761   -4.669   -1.152   -0.327    2.508    3.070    3.588
      80   10.428  -11.743    2.555   -5.149   -3.520    0.095   -5.853    1.605    6.683    3.617
      81    8.194  -13.801    3.157   -6.131   -3.735   -1.375    3.863    0.608    1.543    2.489
      82   10.867  -14.319    1.192   -0.340   -2.594   -2.398    0.225    4.369    5.827   -2.007
      83   10.595  -10.835    0.770   -4.474   -4.552    5.012    4.596   -1.211    1.794    4.216
      84   11.452  -13.216   -1.567   -8.441   -0.813    2.845    0.432   -0.677    0.825    4.052
      85   11.224  -12.178   -2.745   -4.606    1.191    3.759    0.825    3.584    1.232    1.279
      86   12.865  -14.863   -5.316   -6.351    2.547    6.630    2.330   -0.775   -0.092    1.809
      87    8.157  -15.125   -6.179   -7.969    2.259    5.693    2.085   -1.678    0.570    0.439
      88   15.558  -10.194    2.299  -10.047    2.317    1.884    4.462    0.063    4.265    2.884
      89   12.487  -11.764   -2.960   -7.933    3.575    3.915    6.547   -0.924    0.640    4.074
      90   12.034  -13.584   -4.332   -1.336    1.176    3.647    2.945    1.422    4.848    7.166
      91   14.419   -6.338    4.777   -0.567   -0.370    1.307    7.157    2.357    4.264    5.960
      92   11.036  -10.493    2.721   -4.548    0.349    2.688    4.705    0.884    3.639    1.096
      93   11.864   -9.284    2.186   -2.570    3.595    0.265   -0.227    2.822    2.451    0.641
      94   11.722  -11.414    0.726   -2.695    2.234    2.760    4.802    1.251    2.534   -2.165
      95    8.980  -10.945    3.052   -1.959    0.646   -1.053    5.453    1.234    3.371   -0.252
      96    7.423   -7.137   -0.208  -10.029    1.778    0.453    2.442   -2.965   -0.084    3.142
      97    7.210   -9.041    2.858   -1.803   -1.059   -1.426    4.615    7.428   -0.346   -2.744
      98   11.666  -11.696    5.228   -2.783   -2.284    1.474    2.094    4.834    4.667    1.116
      99    8.934   -9.385    2.021   -7.975    4.598   -1.045   -0.341   -0.776    2.143   -1.625
     100    2.105   -5.445    0.578   -9.094    0.720   -3.082    5.180    6.018    1.616    1.794
     101    8.676  -10.470   -1.407   -7.261    3.152    4.864    5.075    6.447    3.635   -1.867
     102    4.901   -8.098    0.797   -7.609    3.231   -1.648    4.208    3.548    0.896   -2.348
     103    5.234   -9.861   -1.020   -4.140   -1.086   -7.294    2.773    1.437    6.475   -6.029
     104    9.887   -7.005    1.160   -4.780   -3.323    0.242    6.466    4.603    4.688    0.717
     105    9.585   -2.913    4.092   -5.923    2.200   -2.641   -3.969    7.120    1.633   -2.829
     106    8.352  -10.472    0.507   -8.096   -0.856   -1.795    7.282   -0.031    5.019    2.508
     107    2.790   -7.587   -4.438  -11.294    1.004    0.799    1.443    3.104    5.178   -3.138
     108    2.069   -2.849   -2.003  -10.185    0.488   -6.144    0.152    5.405   -0.581   -4.759
     109    6.615   -8.698   -5.619   -5.059    0.648   -3.769    2.033    5.986    4.895   -1.818
     110    7.896  -10.609    4.239   -2.444   -2.569  -12.894    2.254    1.996    2.807    1.317
     111    7.492   -4.336   -0.382   -2.014    4.079   -3.653    0.182    6.440    0.092   -1.495
     112    4.709   -5.516    2.212   -9.178   -2.345   -5.202    1.789    3.880    0.962    2.495
     113   -0.374   -7.639   -3.562   -5.597    0.537   -8.030    4.182    3.353    0.565    0.934
     114    1.433   -7.327   -2.104   -1.683   -4.859  -13.822    1.473    3.647    1.407   -0.367
     115    4.385   -4.190    2.329   -9.387   -3.034   -3.528    1.171    3.252    4.786    2.407
     116    5.190   -5.760   -2.750   -7.497    0.041   -1.830   -3.771    6.423    1.164   -2.588
     117    4.842   -2.067   -5.204   -8.489    3.143   -3.055    0.018    5.920   -2.539   -2.573
     118    3.740   -5.420   -9.187   -1.958    2.190   -5.509    2.811    5.095   -2.520   -5.675
     119    5.833   -8.184   -9.373   -2.951    1.220   -2.366    2.239    7.013   -4.301   -3.452
     120    5.815   -8.633  -10.101   -4.273    1.494   -4.181   -1.648    2.874   -0.951   -3.443
     121    5.237   -9.077   -5.848   -5.367    1.522   -0.660   -3.828    3.336   -2.976   -3.185
     122    5.566   -4.817   -5.784   -7.404    0.358   -2.816   -3.543    5.884   -0.643   -3.092
     123    2.740   -1.886   -6.482   -9.625   -0.300   -2.691   -8.111    5.248    2.178   -2.444
     124    5.818   -2.232   -9.089   -6.476    0.091   -0.775   -0.938    6.162   -2.190   -4.284
     125   -0.601   -4.067   -6.834  -11.753   -0.879   -3.629   -1.892    5.651   -3.453   -2.216
     126    6.453   -1.604    2.267   -5.754   -5.722   -6.429    1.827    2.515   -1.847    3.043
     127    4.181   -6.107   -1.699   -8.867   -1.142   -5.717    2.078   -0.032   -6.604   -2.831
     128    6.022   -4.619    0.261   -3.058   -2.272   -8.917    1.567    8.123   -0.809   -3.156
     129    4.959   -5.699    0.644  -10.783   -3.088   -5.006    2.704   -1.125   -3.513   -2.222
     130    8.485    0.366    5.124   -8.264   -2.005   -5.467    2.327   -2.261   -1.981    1.781
     131    5.550   -3.386    1.789   -8.745   -0.788   -2.493    6.381   -1.345   -3.649   -4.627
     132    4.829    0.106    6.702  -12.057   -3.824   -5.140    2.367    3.067   -2.941    2.090
     133    8.341   -5.571   -2.151   -4.497   -0.082   -3.018    1.312    1.829   -1.478    1.638
     134    1.911   -2.745   -1.530  -12.498    3.534   -2.662    1.326    1.117   -7.249    1.194
     135    4.529   -5.069   -6.299   -6.595    4.059   -5.219    0.559    2.958   -2.431    1.148
     136   10.595   -5.404  -12.630   -5.553    1.949    0.354    5.023    1.206   -0.063    3.866
     137   14.393   -9.927   -2.620    6.668   -3.308   -4.235    6.577    2.491   -0.579    5.016
     138   16.867   -0.686    1.421   -0.555   -3.656    0.766    3.320    0.803   -3.198    1.234
     139   11.598    2.089   -2.358   -0.838   -1.876   -2.495    3.804    3.713   -3.074   -3.570
     140   11.903    1.165   -6.786    2.391   -0.255    1.552   -1.393    3.034   -1.976   -1.193
     141   23.326   11.099    7.731    6.992   -3.344   -1.069    6.348    3.680   -3.745   -0.562
     142   17.126    0.188   -4.125    2.200   -1.678   -0.684    6.048    1.419    2.458    0.277
     143   17.935    5.220    0.612   -5.018   -1.149    6.861    8.613   -0.015   -0.078   -0.023
     144   15.302    5.213   -1.997   -0.272   -0.558   -0.164    5.893    3.916   -1.883   -0.240
     145   12.929    2.992   -1.684   -3.162   -3.884   -0.578    9.407   -0.038   -4.061    1.288
     146    8.726    7.036   -4.524   -5.762   -1.291    3.746    3.991   -1.448   -7.346    3.814
     147   14.636    6.179    2.891   -1.941   -1.612    0.185    0.285    0.257   -3.374    0.095
     148   14.143    1.147   -6.049   -1.923   -3.331    0.055    3.330    2.637    2.736    0.217
     149   10.547    5.253   -6.168   -5.114   -0.251    1.658    3.308    5.047    1.051    5.589
     150   10.691   -1.474   -6.800   -2.682   -4.382   -1.326    4.632    1.127   -3.796    1.337
     151   14.253   -3.907   -6.889    4.291    1.162    3.610    4.340    4.321   -5.179   -0.663
     152   16.580   -3.096   -3.185    8.056   -0.277   -3.197    6.880    5.264   -4.370   -0.423
     153   13.264    0.376   -5.165   -2.085    1.318    3.254    0.955    2.474   -0.179   -3.162
     154   15.217    3.036   -2.273   -0.580   -0.024    0.604   -1.393    3.993    0.233    0.270
     155   13.392    4.612    5.412   -2.932   -2.002    3.100   -1.384    3.657   -3.683    1.550
     156   15.296    5.519   -1.795    3.866    0.629   -1.371    1.392    2.727   -2.894    3.753
     157   17.616   -1.187   -3.500    0.133   -0.918    2.380    0.851    2.873   -3.758    1.476
     158   15.904    1.957   -2.859    4.814    0.031   -3.395    1.703    0.364   -5.064    2.641
     159   14.719    4.859   -1.891   -1.387   -1.459    3.623   -0.173    4.140   -7.959    0.150
     160   13.142    3.104   -3.118   -3.860    2.087    2.745   -1.224    4.222   -5.035   -4.030
     161    8.467   -2.249  -11.663   -3.668   -0.025    3.513    4.302   -0.676   -4.951    1.918
     162   13.494   -2.954   -7.306    0.885    2.731    0.715    2.133   -1.481   -1.450    2.334
     163   11.968   -3.684   -8.997   -0.755    3.665    3.904   -2.863   -0.721   -2.557    1.456
     164   10.834   -5.153   -9.195    3.258    3.733    0.864    6.945    4.011   -2.478    1.431
     165   11.352   -5.117   -8.624    3.598    0.534   -2.318    2.468    1.495   -2.656    1.664
     166    8.718   -4.741   -6.922   -3.633    0.391   -0.660    1.514    1.581   -5.410    5.972
     167   10.325   -2.378   -6.597   -1.835   -0.419   -0.871   -1.021   -3.390    0.054    5.741
     168   10.602   -8.075  -11.574   -3.667    3.951    8.149    1.535   -1.211   -1.834    4.727
     169   17.826    2.475    3.136    1.210    3.132    4.892   -4.045    1.493   -0.178    2.945
     170   10.124   -2.017   -6.963   -0.742    1.873    1.992    0.188   -2.210    4.539    1.547
     171   11.994    1.581   -2.389   -2.758    2.693   -2.095    0.596    1.930    0.193    0.752
     172    5.803    3.922   -5.387   -7.872    4.006    0.344   -1.003   -3.128   -1.383   -1.345
     173   11.682    7.864   -0.689   -5.921    8.414    0.576   -6.820    2.453    0.989    1.448
     174    8.013   -4.933   -3.736    0.027    1.517   -4.691   -4.382   -2.623   -1.694   -1.197
     175   14.802    4.434    0.443   -3.867    1.241   -2.107   -2.531   -0.855   -4.125    2.282
     176   16.502    5.989   -4.527   -2.861    2.273    2.312   -0.259    0.584   -5.894    2.707
     177   11.451    3.196   -1.026   -5.183    4.807   -5.089    1.788   -5.387   -4.767    3.387
     178   12.302    3.994    1.870   -0.781    3.487   -0.479   -3.780    0.346   -9.943    1.350
     179   13.421    1.535   -1.017    2.860    3.087   -1.290   -3.259   -2.112   -8.926    0.971
     180   15.791    2.553   -0.980   -1.449    3.450   -2.166   -1.342   -0.756   -2.087    1.394
     181   17.507    7.157   -1.245   -5.194   -0.313    0.981    1.664   -3.985   -8.789    3.011
     182   14.272   13.855    4.291  -10.428    5.446    5.253   -3.602   -0.285   -8.019    3.337
     183   13.422    7.612    0.011   -6.119    0.533   -1.261   -1.482   -6.299   -4.433    2.501
     184   13.422    5.343   -4.226   -3.149    3.324    6.126   -3.270   -2.544   -3.635    1.073
     185   12.900    5.901    2.930   -3.890    1.189    0.283   -2.666   -7.685   -2.111    1.987
     186   15.254    9.363   -0.003   -4.383    0.580    1.497   -6.978   -3.085   -4.878    1.486
     187   19.467    1.073   -1.756    5.930    1.845   -2.647   -4.898   -4.880   -6.271    0.315
     188   15.341    0.656   -3.379    0.193    1.446   -0.865   -6.897   -0.696   -5.630   -5.125
     189   12.359    5.233    3.354   -4.215    2.287   -7.785   -4.100   -1.258   -5.136   -3.482
     190   16.274    0.223   -6.839    1.975    2.640    1.890   -5.222   -1.428   -3.174   -2.848
     191   13.612    0.171   -5.750    0.531    3.395   -7.404   -7.008   -2.961   -2.263   -2.068
     192   18.475   -4.270  -10.585    1.151    4.128    4.008   -8.911   -4.330   -0.698   -0.902
     193   20.394   -0.543   -4.080    5.132    4.398    0.679   -9.654   -6.016   -3.972    1.663
     194   19.157    1.136   -4.721    0.392   -2.844   -1.415   -5.440   -4.681   -4.905   -1.699
     195   17.626    2.530   -3.895    2.288    0.434   -3.760   -4.537   -4.334   -6.613    0.349
     196   15.550   -5.086  -11.086    1.503    1.731   -1.766   -4.344   -7.950   -6.356    1.397
     197   18.036   -1.830   -2.344    2.147    1.738   -1.188   -4.233   -5.977   -7.104    0.053
     198   16.919   -7.263   -4.929    6.721    4.011  -12.154   -3.941   -3.986   -3.505   -1.162
     199   15.482   -4.480  -11.909   -0.241    1.506   -3.962   -4.157   -6.525   -2.677   -2.804
     200   14.766   -4.234   -5.774    7.680   -0.991   -8.902   -0.937   -1.124   -2.883   -4.393
     201   13.471   -8.317   -6.241    6.724    3.237   -6.371   -3.436   -1.068   -4.279   -3.097
     202   13.165   -6.437   -8.078    2.787    1.279   -6.817   -2.585   -5.888    3.989   -1.397
     203   17.272   -4.205   -5.053    5.872   -1.686   -8.518   -1.009   -3.807   -1.513   -1.827
     204   15.918   -2.200   -1.149    2.873   -1.856   -6.052   -2.156    1.835   -0.807   -3.529
     205   13.343   -3.348   -2.463    4.119    1.562   -7.689   -7.310    1.092   -1.976   -3.624
     206   14.947   -4.297   -8.362    6.119    1.461   -0.737   -3.015    0.065   -1.205    0.718
     207   11.380   -1.693   -2.979   -1.620    0.580   -4.727    0.349    1.844   -4.475   -1.601
     208   12.756   -0.720   -2.258    0.787   -3.192   -3.359   -4.463    4.134   -2.248   -2.289
     209   12.131   -1.898   -2.074   -2.227   -0.992   -8.718   -4.878    0.328   -4.033   -1.717
     210   16.446   -4.234   -3.486    0.416    2.482   -1.191   -4.412   -1.975   -1.822    0.183
     211   13.541   -0.801   -2.583   -3.637    3.928   -4.357   -3.195   -1.247   -2.553    0.570
     212   20.460   -1.668   -0.226    8.133    2.662   -7.170   -1.039    3.895   -4.389   -1.778
     213   15.562    0.103    0.551   -1.486   -0.023   -4.882   -1.733    4.406   -2.300    0.332
     214   11.781    2.258   -1.468   -1.916   -1.824   -2.417   -0.865    2.249   -2.680    0.905
     215   13.356    6.088   -1.381   -4.990    3.465    1.548   -6.361    1.300    2.482    0.828
     216    9.108    0.213   -5.545   -8.141    1.846    5.119   -6.440   -0.105   -0.176    5.240
     217    3.238    3.576   -8.188  -13.766    2.374    1.318   -6.361   -0.959   -3.957    1.612
     218   12.409   -1.795   -7.856   -6.456   -0.423    3.413   -0.077   -2.492   -7.141   -1.255
     219   13.971    2.380   -0.279   -6.468   -3.512   -0.875   -1.079    0.390    0.744    0.813
     220   14.772   -2.061   -2.834   -4.485   -1.035   -2.863   -0.120   -1.842    0.101    2.240
     221   17.337   -0.229   -0.945    3.242    4.805    0.732   -5.232    3.138    0.831    0.272
     222   14.955   -1.635   -5.477   -1.189    4.582   -1.021   -3.419   -2.591   -0.606    0.986
     223   13.716   -0.068    2.392    1.672    4.105   -3.466   -3.220    2.433   -5.282    2.087
     224   14.787   -3.237   -6.448    1.000    4.263   -4.130   -0.948   -2.373    0.322    0.236
     225   12.905   -1.332   -4.514    0.306    2.638   -1.223    2.433    0.204   -1.387    0.082
     226   13.022    3.321   -1.297   -1.750    2.380   -9.369   -0.116    1.892   -4.622   -2.079
     227   11.607   -0.789   -2.423   -0.879    5.148   -6.556   -1.705    0.113   -2.217   -3.113
     228   12.723   -1.015   -5.233   -1.153    3.419   -3.683   -1.696   -3.828    1.242   -3.510
     229   12.073    1.123    0.256   -2.720    5.580   -0.499   -1.521    0.375   -0.967   -1.911
     230   11.712    1.999    3.547   -0.250    5.315  -10.284   -0.904    0.669   -5.241   -4.937
     231   15.354    2.004    3.690    3.106    1.399   -4.126   -3.654    0.664   -3.993    1.140
     232   13.335    3.961   -0.835   -1.919    4.558    0.200   -3.897    2.404    0.554    0.688
     233    9.356   -2.518   -3.722   -0.224    3.912   -2.105   -6.571    1.915   -1.126   -2.450
     234   13.509   -2.893   -2.698    4.404    0.425   -3.384   -7.690   -1.787   -1.137   -3.481
     235   18.560   -2.936   -4.715    5.200    2.341   -0.887   -5.151    0.903   -0.995    0.140
     236   16.425   -5.666   -3.651    4.638   -0.202   -1.470   -2.353    0.017    2.523    1.713
     237   14.031   -1.406    2.350    2.370    0.860   -8.137   -0.225    4.076   -2.148   -2.906
     238   12.870   -2.544    3.278    2.685    3.380   -6.343   -4.120    1.713   -3.153    0.582
     239   14.110   -3.392   -0.672    2.213    2.738   -3.451   -3.244   -0.338   -3.179   -2.174
     240   13.133   -1.207   -0.475    1.601    2.408   -0.286   -6.693    1.647   -0.933   -3.626
     241   14.635    0.036   -0.751    4.133    0.064   -2.166   -1.234    2.464   -5.072   -3.044
     242    7.662   -0.917   -3.352   -2.403    0.340    2.000   -0.945    1.409    0.242    1.669
     243    7.243    2.426    5.284   -2.528    3.692   -1.155   -1.237    3.169    0.076   -1.162
     244    9.788   -0.245   -1.511    0.179    2.242   -0.709    2.146    2.730   -1.008    1.725
     245   10.557    3.959   -2.022   -1.364    2.953    1.665    1.393    4.027   -3.471   -0.493
     246   13.717   -1.761   -9.055   -4.467    6.150    3.831   -0.306    1.447    2.146    2.024
     247   18.782    4.746   -3.367    1.791    3.290    3.590    2.882    0.738   -2.349    4.477
     248   20.729    0.774   -5.622   -1.196    3.803    1.809    1.140   -3.754    0.065    4.377
     249   17.978    2.124   -4.163   -0.059   -1.622   -0.192    4.951   -0.944   -2.535    3.356
     250   21.488   13.138   -3.854    1.664   -0.467    1.982    4.871    1.933   -3.129   -3.222
     251   18.465    0.753   -2.687    4.057   -1.309   -1.785    6.082    0.190    1.028   -3.314
     252   15.823    2.108   -0.685    1.101    1.594   -5.885    7.759    0.441    0.843   -0.148
     253   13.667   -1.668   -3.841   -5.476    4.441   -3.110    0.443   -2.406   -0.836   -1.389
     254   16.090    0.113   -7.889    0.187    4.481   -2.455    0.674    0.450    1.084   -0.310
     255   15.423    0.234    1.167    4.159    2.330   -5.452   -0.525    3.495    0.338    2.973
     256   10.454   -1.209    2.516    1.040    2.121   -6.311    6.593    5.474   -0.417    0.671
     257   14.972   -2.578    0.552    3.722   -0.211  -10.877    4.737   -0.025    0.131    2.374
     258    9.431    0.656   -3.851   -7.364    1.627   -2.323    0.804   -3.997   -4.679    4.495
     259   13.545    0.356   -4.226   -7.192    4.557   -0.252    3.956   -1.960   -3.018   -0.033
     260   11.855   -0.529   -0.279   -1.271   -0.674   -3.013    1.730    0.684   -1.954   -3.620
     261   13.394   -1.306   -2.017   -2.209    1.432   -5.757    1.519   -1.806   -0.429    4.775
     262   13.979   -0.805   -8.647   -3.271    3.509    1.421    4.503    0.244    2.963    0.299
     263    9.429    6.024   -4.277   -8.357    1.925    4.415   -2.849    1.734   -1.388    2.019
     264   15.117    5.083    4.769    0.847   -1.904   -1.384    0.527    5.664   -1.610   -0.242
     265   11.600    0.690   -2.155   -5.236    1.479   -3.111   -0.812    2.688   -0.971   -0.813
     266   14.797   -1.230   -2.225    0.356    7.475   -2.908   -0.593    1.110   -1.274    2.693
     267   12.660   -1.254    0.891    0.933    1.690   -0.287   -5.205   -0.222   -1.410   -0.370
     268   11.979    5.368    3.693   -5.301    4.035    2.436    1.610    1.933   -1.998    1.258
     269   12.941    3.677    2.586   -3.790    3.904   -1.723   -7.070    1.195   -1.363   -0.916
     270   10.763    6.612    1.132   -6.836    1.979   -3.654   -4.720   -1.418   -0.557   -0.219
     271   12.862    2.114   -0.659   -8.177    1.395   -2.789    0.562   -3.072   -0.936    1.848
     272    9.957   -0.319   -4.725   -2.455    1.196   -5.940   -2.631    2.371    0.305   -0.048
     273    7.768    5.012   -2.844   -5.585    2.084   -5.616    1.757   -1.490    2.338    1.179
     274    9.489    4.729   -2.140   -5.911    6.299   -0.371   -0.956   -0.007   -1.248    3.756
     275    6.797    3.548    4.432   -4.361    4.254   -1.827   -5.031    2.313    1.249    4.205
     276    9.291    3.327   -0.716   -7.826    3.904   -2.465    3.203    2.015    2.044    0.292
     277   10.337    2.053    4.240   -2.053    2.471   -4.776   -1.111    1.801    1.169    3.503
     278    8.671    2.785   -1.907   -6.982    5.630   -1.704    1.009    0.088   -0.140    2.155
     279   10.680    2.510   -3.544   -1.606    3.383   -3.332    0.873    3.198    0.499   -0.759
     280    8.442    3.829   -7.381   -5.645    5.202    1.525   -1.657   -1.278   -2.189   -3.710
     281   10.842   -1.920   -2.704    0.261    3.668   -4.087    4.437    2.319    3.658    1.744
     282   11.330    3.020   -1.397    1.551    0.566   -4.380    3.392    5.610    0.875   -2.261
     283   10.836    2.523   -2.983    0.942    2.984   -3.265    3.150    2.601    1.407    0.429
     284    7.386    1.553   -8.710   -6.666    4.967    2.735   -2.414   -1.097    0.060   -0.608
     285    8.291    0.381   -4.510   -3.447    2.750   -0.482   -3.180    0.104    2.635   -0.524
     286   13.830   -0.941   -2.663   -1.205    4.106   -3.190   -0.688    0.685    2.708   -3.371
     287    7.209    0.315   -6.500   -7.546    5.134   -6.042   -2.434    0.568    0.776   -2.592
     288    9.612    1.974   -0.413   -6.574    3.312   -5.651   -0.776    0.743   -0.840   -1.495
     289    7.850    6.242   -1.126  -10.028    4.973   -0.757   -2.559   -3.195   -2.610   -0.742
     290    6.938    6.215    4.607   -3.169    2.268   -1.683   -4.840   -0.644   -1.681    3.339
     291    8.940    2.893   -0.444   -3.612    2.344   -4.535   -2.801    4.244    0.222   -4.091
     292    7.596   -1.708   -1.657   -3.409    2.908   -0.700   -3.629    4.324   -5.535   -1.714
     293    9.886    0.087    0.327   -2.514    1.577   -4.195   -5.224    1.395   -1.038   -1.939
     294   11.460    2.195    5.917    1.815   -0.008   -4.544   -6.474    4.490    1.028    4.141
     295    8.916    1.670    2.754   -3.736    1.332    3.325   -6.060    1.978   -0.278   -3.001
     296   15.165    0.159    0.241   -1.556    1.947   -0.886   -5.278    2.040   -0.022   -0.004
     297   12.561   -1.491   -6.952   -1.551    1.081    1.805   -1.478   -1.716    0.696    0.209
     298   12.310   -2.539    1.663   -0.327    4.145   -4.097   -3.678    0.335    5.527    0.035
     299   11.910    1.424    4.396   -1.645    1.379   -0.857   -2.706    1.398    2.234    1.595
     300    9.107   -1.323   -4.878   -5.400    2.579   -4.388    1.671   -5.029    0.939   -0.080
     301    9.381    6.285    2.243   -7.618    1.613   -2.036   -4.432    0.923    2.181   -3.442
     302   14.291   -2.198   -1.044   -1.209    4.174   -5.332   -0.542   -3.385    2.097    0.336
     303    9.847    0.811    2.090   -3.818   -0.104   -4.837   -0.358   -1.325    4.176    3.317
     304   11.251    3.781   -0.030   -8.300    0.616   -2.157    1.991    0.837    1.934    5.812
     305    8.029    5.795   -4.680   -6.773    1.523    1.709   -0.206    2.726   -1.336    0.706
     306    9.943    2.749   -3.274   -4.608    0.160    1.489    2.479   -0.464    3.710    0.537
     307    9.974    2.846   -2.474   -1.496   -0.507    0.244    5.467    2.799    4.698    1.654
     308    7.606    4.347   -0.230   -4.657   -1.870   -4.385    7.537   -4.061    1.573   -0.461
     309    8.713    7.673    7.606   -5.928   -1.234   -3.593   -1.742    0.645    2.639    4.564
     310    9.451   -0.211   -6.608   -3.144    2.441   -0.630    3.857   -3.985   -0.332   -0.525
     311   14.357    2.705   -2.630   -0.141    2.953   -4.405    0.998    3.710    0.128   -1.393
     312   14.257    1.175   -2.351   -2.296    3.036   -7.001    4.824   -0.690    2.211    3.066
     313   10.334    2.363    1.570   -2.373   -0.341   -5.242   -0.170    2.902   -0.842    1.197
     314   11.388    6.305   -3.000   -6.482    7.914   -2.525    2.293   -1.083    3.657    1.111
     315   10.702    6.484   -2.390   -8.147    5.338    1.583   -2.276   -1.151    1.267    3.530
     316    6.571    7.559   -1.929   -5.790    5.241   -1.761    4.656    2.729    2.349    2.751
     317    6.429   10.531   -8.523   -8.765    6.718    2.440   -0.708   -1.765   -2.081    0.211
     318    8.038    4.468   -4.851    3.276    5.892   -4.960    3.130   -0.959   -0.367   -0.912
     319    9.290    4.791   -5.973    3.678    2.250   -1.999    5.234   -0.892   -3.652   -1.428
     320   11.010    6.931   -9.578   -3.705    4.688    1.940    3.928   -1.304   -3.560    0.385
     321    9.917    4.816   -7.437   -0.556    2.940    4.786    0.619    2.471   -0.382    0.572
     322   12.657    3.542   -3.117    5.849    3.840    2.296    0.711    4.892    0.748    1.944
     323   11.782    8.052   -3.149    1.060    1.767    0.956    4.727   -2.616   -1.987    1.761
     324    7.751    3.442   -9.366   -7.557    3.470    5.564    1.200   -1.391    2.029    1.829
     325    7.495    5.969   -8.264   -4.911    5.147    0.016   -3.099   -4.089   -1.495    3.167
     326   13.060    3.585   -2.017    2.246    0.374   -4.815    1.239   -3.515    0.115    0.890
     327   14.575    5.118   -2.427   -1.079    6.175    3.410   -0.019   -7.120    1.127    4.014
     328   13.572    3.149    1.058    2.495   -0.006   -1.059   -2.176   -1.331    2.095    2.440
     329    7.981    2.108   -3.942   -2.244    3.051   -1.506    0.897   -4.326    4.657    2.995
     330   13.618    5.794   -2.437   -0.356    3.493    1.911    0.493   -4.101    1.495   -0.174
     331    9.741   10.263    1.007   -4.117    3.057    4.584   -1.423    2.477    6.517    1.121
     332    7.059    9.575    4.834   -2.290    3.017   -3.061   -0.105    2.249    0.856    0.891
     333    5.225    3.233   -1.668   -7.997    7.056   -0.880   -4.569   -3.980    2.962    3.424
     334    8.183    4.154   -1.870   -2.582    1.541   -6.145    1.029    0.424   -0.238    1.391
     335    8.399    3.146   -3.801    0.475   -1.348   -5.418    2.067   -4.570   -0.949    1.242
     336    6.414    3.902   -3.132   -1.855    0.378   -0.267   -0.870    1.335    0.049    0.101
     337   10.447    8.164   -1.102   -3.693    2.711   -0.269    2.275   -1.747   -1.440    1.503
     338    9.823    5.369   -2.676   -1.856   -2.686    2.874    4.549   -3.303    0.317   -0.356
     339   12.760    3.166   -2.835    5.010   -1.256   -2.438    4.868    0.721    0.561   -4.203
     340   10.016   10.131    0.463    0.108    3.761    3.530   -1.766   -0.503    4.909    5.070
     341    6.847    8.735   -1.216   -0.781   -0.196    2.462    1.487    2.034    1.984    0.652
     342   14.436    0.215    2.114    7.084    0.115   -8.061    3.805    0.057    1.421    0.618
     343    7.165    8.076   -2.691    1.156    1.152    4.485    2.982   -0.378   -2.967    1.966
     344   11.423    5.165   -4.855    6.695    4.705    4.394    4.061    1.097   -1.848    2.741
     345    9.118   13.142    2.048    2.240    3.780    1.699    4.253    1.460   -2.459    0.404
     346   12.102    9.990    7.250    3.834    2.443    1.818    0.412    0.398    1.092    2.201
     347    7.078   11.022    2.129    0.759    0.694   -1.908   -2.523   -1.484    0.291   -3.632
     348   11.087    9.917    3.566    1.601    4.989   -1.138    2.352   -2.004   -2.554    0.660
     349    7.487    8.723    4.259   -0.402    4.850    1.227    2.915    1.171    2.499    1.966
     350    9.387   10.949    3.323    2.685    2.267   -0.030   -1.749   -0.957    6.853   -3.779
     351    6.617    4.752    0.660   -0.511   -0.963    0.576    3.583   -4.165    4.806    0.982
     352    5.158    7.769   -6.701    1.887    4.901    1.631    1.599   -2.353   -2.112   -2.371
     353    5.709   10.170    6.349    0.723   -1.736    3.388   -0.865   -1.225    4.984    2.427
     354    5.619    8.859    1.586    2.780    3.075    4.106    3.613   -0.427   -0.891    3.551
     355    7.302   12.847    6.274    0.313    0.230    1.998    3.278    1.756    1.774    0.004
     356    8.131   10.173    7.325    2.338   -3.081    2.575    4.394   -0.622    6.052    5.677
     357    8.837    8.540    3.253    1.805    1.440    2.543    3.035    1.752    3.800    0.144
     358   12.614    7.615    5.396    8.113    2.358    0.646    2.515    2.941    4.952    1.214
     359    6.051    5.614   -3.707    4.919    1.400    8.491   -1.075    0.367    2.444    1.527
     360    7.422    4.018   -2.780    4.530   -0.597   -3.840    4.193    1.172    9.526   -0.336
     361   10.726    6.384    7.040    0.512    2.588   -0.349    3.524    3.160    5.156   -1.011
     362    6.568    7.030   -0.323   -3.843   -0.191    5.304   -4.175   -1.924    6.607   -0.051
     363   10.184    3.430    2.440    3.303   -1.198   -0.653    1.385   -4.072    2.679   -0.411
     364   10.426    7.625    7.021    1.510   -0.695    1.829   -0.184    0.338    3.634   -3.567
     365   11.884    4.521    0.086   -0.300    0.714    1.475    6.029   -1.565    1.234   -1.866
     366    1.981    9.862   -0.007    0.071   -0.468    1.841    3.197    2.595   -2.942   -4.919
     367    3.432   10.751    0.495   -1.882    3.131    5.240    0.402    1.462   -2.682   -3.217
     368    8.206    5.092    0.700    2.750   -0.781    0.844    7.083   -2.379    0.630   -1.470
     369    2.423    3.948    9.176    1.811    0.360   -5.369    7.009   -0.018    4.599    2.567
     370    3.538    1.105    1.680    0.545    6.927   -0.803    4.953   -1.723    3.467   -2.129
     371    1.534    7.460    3.807   -1.213    3.546   -2.307    0.382   -7.385    3.816    0.844
     372    7.322    7.664    4.562    2.893    2.368    0.505   -2.179   -3.411    3.913   -2.564
     373    5.292    7.308    5.652    6.683   -2.357   -5.391    0.223    0.473    5.737    1.978
     374    2.068    7.657    5.322   -1.519    3.513    1.769    3.072   -2.720    2.318    2.392
     375    8.375    6.488    5.571    4.293    1.043   -1.035    2.532   -1.470    5.193    2.405
     376    7.652    9.173    7.258    1.749    3.945   -0.456    4.422    1.194    3.359   -4.883
     377    6.260    6.102    5.763    5.462   -3.668    0.128    2.846   -0.699    3.679    2.092
     378    6.887    5.780    9.895    7.809   -5.297   -4.598   -0.182    0.803    2.557    1.161
     379    6.470   11.305    7.227    3.696    2.805   -1.597   -0.599    0.948   -1.809   -0.596
     380    3.805   12.508    6.547    2.313    3.371    2.502   -1.170   -1.309    4.051   -2.263
     381    7.800    5.386    4.908    5.027    3.121   -3.341    1.388    2.117    4.008   -2.290
     382    7.781    4.426   -1.603    2.443    2.415    0.679   -0.119   -3.113    8.152   -0.590
     383    7.520    4.472   -1.355   -0.315    4.431    3.466   -2.837   -3.785    2.875    0.408
     384    8.315   12.322    6.745    2.458    3.384    2.731   -0.771   -3.254    2.205    3.028
     385   11.392    3.277    1.858    9.429    4.673    2.340    2.555    0.487    7.234    2.422
     386    7.884    5.640   -3.777    7.203    5.382    6.872    2.175    1.382    5.296    5.416
     387    7.936    4.532   -2.546    7.327    0.491    5.219    2.376    0.128    5.620    1.812
     388    7.088    4.655   -0.961    6.181   -0.861   -4.492    6.891   -5.850    3.676    3.053
     389    9.819    8.158    5.352    6.947    1.399   -1.249    5.550   -1.366    2.661    1.127
     390    5.733    3.162   -1.387    4.601    4.880    1.699    2.787   -3.109    5.531    0.949
     391   13.044    2.990    4.203   14.016    2.627   -0.684    5.929   -0.924    2.493    4.462
     392    6.748    2.725    2.674   14.989    3.933   -5.475    1.021    0.813    1.224   -4.329
     393    4.940    7.093    7.307    5.097    4.638   -3.511    5.314   -1.014    0.756   -1.456
     394   10.193    8.561    4.447    5.843    3.493   -0.898    2.389    1.061    1.910    1.893
     395    8.373    6.392    5.131    5.616    4.057   -6.522    5.831   -1.543    3.835    1.758
     396   12.722    5.329    2.848    8.298    5.351   -4.477   -1.615   -1.948    4.721   -0.704
     397   12.182    7.203    4.462    7.705    3.405   -3.913   -0.453   -2.056    5.501    1.664
     398    6.677    9.020    3.327    3.427    1.916   -0.328    4.742    1.084    1.544   -1.348
     399    3.656    7.642   -6.756    1.378    5.075    8.025   -0.682   -2.078   -1.053   -0.442
     400    5.435    2.515   -6.521    3.306    4.122    0.689    3.561   -2.695    2.619    3.038
     401   10.427    8.348    1.795    4.237    4.909    1.006    4.274   -0.456    2.145    0.180
     402   11.909    6.854    0.940    4.353    3.861    0.441   -0.418   -2.092    6.223    2.421
     403   10.298    6.737   -2.534    0.278    4.586    1.059   -4.770   -0.882    2.047   -1.021
     404    8.658    8.267   -2.370    1.950    7.894    0.805   -1.115   -1.772    1.349   -3.055
     405   10.908    5.425   -3.143    3.088    1.886   -0.004   -2.491    0.043    3.810   -0.979
     406   13.948    7.283    3.067    6.161    4.956   -0.490    1.499    0.425    2.057    4.810
     407   11.042    7.150    2.082    6.165    3.073    1.216   -1.169    0.204    2.343    3.286
     408   11.102   10.285    5.152    7.603    1.984    0.274   -1.135   -0.652   -0.355   -0.855
     409    9.637    4.948    0.122    7.328    3.498   -0.973    1.297   -2.596    3.780   -0.332
     410    4.815   10.319    5.735    4.184    3.040    5.345   -4.599   -0.544   -0.079    0.036
     411    3.156    6.073    0.957   -1.663    7.790    3.933   -7.207   -5.875    1.624   -2.714
     412    0.832    7.720    2.074   -1.236   -1.224    4.128   -7.031   -0.453    3.702   -4.452
     413    9.613   -0.339    2.552   10.622    0.006   -0.530   -2.365   -2.836   -0.609    1.144
     414    3.461    1.492   -0.713    6.933    5.133    1.136   -8.454   -0.522    3.408   -0.339
     415    7.060    1.057   -4.999   10.031    0.683    1.569   -3.723   -0.389    2.178   -1.786
     416    0.841    1.478   -1.794    2.565    2.707   -1.212   -8.855   -3.387    1.978   -0.970
     417   10.311    4.980    4.529    7.656    3.962   -2.638  -12.148   -3.304   -0.366    0.950
     418    6.392    3.281    0.655    7.344    1.823    2.093   -4.259   -7.680   -1.146   -1.408
     419    6.103    4.919    5.478    2.821    5.361   -2.292   -7.431   -0.983    1.937   -0.838
     420    7.737    3.151    1.564    5.938    2.282   -1.495   -1.076   -5.992    4.497    1.800
     421   11.151    5.920    5.201    8.510    1.384    0.512   -1.339   -1.657    1.473   -3.012
     422    9.840    6.984    0.075   11.475   -0.752    3.083    2.107   -0.615    1.998   -3.431
     423    4.944    8.373    4.358    3.176   -1.240    1.071   -3.101   -0.227    1.626   -6.837
     424    7.170    8.900    1.147    8.189   -0.094   -3.860   -2.188   -1.432    3.872   -6.473
     425    8.400    7.699    3.589    5.039   -0.234   -2.100   -1.163   -2.526    3.432   -5.293
     426   10.105    4.690    2.052    8.160   -2.261   -3.464   -1.383   -4.189    2.919   -2.928
     427    9.177    8.938    6.251    4.870   -1.982   -2.963   -1.882   -1.464    3.821   -4.946
     428    9.693    8.076    3.099    6.245   -1.155    2.360   -2.991   -1.335    3.140   -5.967
     429   11.284    4.842    2.148   13.874   -1.091   -0.916   -3.800   -0.076   -0.850   -2.943
     430    4.036    5.132    1.111    7.261   -0.366   -1.209   -0.365   -1.545    4.021   -2.430
     431    3.242    6.194    2.525    3.336    0.304   -7.220   -0.262   -2.902    3.320   -2.919
     432    7.897    3.997    0.677    8.915    1.813   -5.597   -2.313   -3.402    0.881   -2.962
     433    3.665   10.536    3.858    5.560   -4.482   -0.055   -3.299   -0.777    2.265   -4.689
     434    3.334   10.038    4.549    2.380   -3.046    2.018   -3.679   -1.263    3.300   -4.233
     435    1.135    9.645   -6.232    0.676   -2.360    7.973   -7.099   -2.312    0.516   -2.257
     436    2.803    3.260   -1.125   -0.273   -0.169    1.861   -3.458   -4.124   -2.023   -3.381
     437    2.837   10.773   -0.740   -0.743   -0.036    1.873   -0.864    2.741    1.016   -3.731
     438    1.157    9.519   -4.231    6.705   -0.575    0.277   -0.948   -1.963    0.166   -5.809
     439   -2.894    6.910   -9.087    3.001    1.716    0.493    1.765   -1.691   -3.101   -8.353
     440    2.017   10.002   -5.031    4.250   -0.058    0.435    3.781   -1.096   -1.858   -5.586
     441   -3.174    6.388   -6.896    6.367   -0.684   -0.033    3.151    2.519    0.691   -4.116
     442   -0.985    6.961   -5.571    6.098   -0.049    2.625    3.274    1.134   -0.007   -5.996
     443    4.951    6.934    0.240   10.058   -2.263    0.046    5.279    2.926    2.791   -5.231
     444   -3.053    5.424   -5.817    6.468   -1.215    0.200    0.573    3.622    0.841   -7.849
     445   -2.088    8.068   -1.024    6.483   -3.733   -1.956    3.810   -0.384    0.170   -8.449
     446    2.326    5.930   -2.067   10.740   -2.649    1.022    5.700    2.529   -2.163   -4.861
     447   -3.188    5.507    0.081    7.332   -1.544   -4.170   -2.199    2.835    1.711   -7.992
     448    2.819   14.596    6.417    5.305   -0.211    2.404   -3.336    4.791   -3.043   -7.692
     449    1.726    5.051   -5.093    0.704    2.574    2.074    0.272    0.123   -0.163   -0.222
     450    3.695    8.967    0.102    0.840   -1.770    3.196    0.551   -0.883    3.618   -6.657
     451    4.136    5.457    7.265    7.800    0.693   -2.302   -2.235   -1.481    0.242    0.507
     452    1.381    2.852    1.969    4.335    3.422    0.102    1.301   -2.919   -1.671    2.208
     453   -0.925    1.559   -6.216    5.671   -0.823    6.460    0.815    2.985   -0.206   -3.979
     454    0.509    6.644   -3.347    4.730   -2.191    3.749    2.379    0.133   -0.358   -4.976
     455   -2.950    1.087   -9.240    3.972   -6.030    0.216    3.058    0.231   -2.555   -4.673
     456    0.274    8.234   -1.747   10.156   -3.745    4.011    0.075    1.007   -2.521   -3.244
     457   -1.751    5.752    5.583    1.176    2.361    1.230    4.184    0.853    0.917   -2.161
     458   -0.866   12.624    3.106   -0.087   -3.315    2.780   -1.121    1.385   -3.355   -1.598
     459    1.041    1.534   -4.893    7.807   -4.542    5.037    3.307   -2.255    5.467   -1.869
     460   -4.088    6.077   -4.013   -0.208    1.390    5.835    1.674   -1.848   -5.155   -0.627
     461   -1.550    3.729   -6.015    7.703   -0.630    5.345   -1.222   -0.838   -1.393   -4.674
     462   -1.832    8.883   -5.756    2.510   -1.416    8.156   -3.578   -2.212   -0.914   -0.234
     463    5.024    2.319   -5.269    7.398   -5.329    8.214    4.579   -3.511   -3.853    0.046
     464    0.826    7.963   -2.608    6.501   -1.858    3.315   -1.347    0.353    0.790   -0.576
     465    2.755    6.653   -4.116    7.537   -3.071    5.809    0.135    1.678   -1.882   -1.408
     466    2.789    7.081    0.167    5.129   -0.401    6.987   -0.857   -1.764   -1.539    3.028
     467    3.348    5.466   -5.807    6.908    0.480    6.778    0.678   -4.575    0.526   -2.099
     468   -4.082    6.699   -4.155    4.511   -2.485    2.459    0.878   -0.334    0.333   -2.834
     469    1.014    1.921   -3.652   14.250   -3.282    1.619    2.733    0.307   -0.809    5.332
     470    1.842    2.647   -2.134   10.722   -1.317    2.338    0.886   -2.660   -0.211    0.213
     471   -0.120    6.297    0.992    7.898   -4.373    1.898   -1.817   -0.597    1.049   -4.613
     472    1.306    0.306   -6.058    8.390   -1.933   -2.263    0.532   -6.725    1.797   -3.912
     473    1.727    3.837   -1.356    7.753   -1.344   -3.212   -2.111   -5.939    1.788   -3.197
     474   -4.743    0.631    0.747    5.830    3.153   -4.044    0.217   -3.729   -1.104   -4.174
     475    2.146    2.452    3.967   11.634   -0.435   -1.324    0.833   -1.026   -2.734    1.062
     476    0.629  -12.517   -0.066   10.944    1.991   -1.708    1.495   -6.303    2.835    0.565
     477   -2.904   -5.944    5.886    6.110    3.332   -1.029   -3.502    2.813    2.976    2.559
     478   -8.487   -3.571    4.810    5.941    4.995   -5.407   -1.889   -1.257    0.584   -0.619
     479   -3.925   -4.137    8.478    6.214    2.857   -2.441   -0.536   -0.246   -2.762   -0.322
     480   -9.706   -2.284    7.980    3.527   -3.182   -8.790   -3.715   -1.714   -1.607    2.062
     481   -7.117   -7.288    7.477    5.968   -0.415   -4.696   -1.901   -0.818    0.614   -1.711
     482   -3.585   -8.909    7.259    6.797    3.565   -3.202   -3.413    1.730    2.478   -0.432
     483   -2.341   -2.346    7.246    7.192    5.874    3.723   -6.123   -1.074    0.740   -1.442
     484   -6.041   -3.197    3.961    1.128    4.841   -0.368   -5.456   -5.554    1.227   -2.010
     485   -6.584   -4.258    3.897    2.758    3.703    4.753   -2.394   -2.486    4.081    0.670
     486   -9.294    1.046    4.162   -0.422    2.854    2.348   -3.294   -1.138    1.477   -0.187
     487   -5.593  -10.632   -0.831    8.709    4.946    4.983   -1.386   -1.875    6.564   -2.422
     488   -2.534   -9.503    2.703   10.729    0.707    6.036   -4.147    0.522    2.149   -2.230
     489   -5.995   -0.101    4.959    3.769    7.071    4.526   -5.668   -0.117    3.544   -3.601
     490   -6.589   -6.048    7.955    3.573    1.090   -1.944   -0.212   -0.797    2.850    0.999
     491   -7.205  -13.303   -1.857    6.983    0.105   -1.248   -1.382   -3.256   -3.384   -0.549
     492   -6.559  -11.518    2.029    3.799   -0.661    0.113    0.071   -3.552    1.806   -0.749
     493   -7.499  -13.560   -2.958    4.727    1.761    1.503    0.502   -2.597    0.572    2.874
     494   -8.707  -12.810  -10.170   -0.765    2.826    0.528    6.205   -3.504   -3.751   -3.348
     495   -6.915  -14.258   -2.621    4.259    3.576   -3.299    5.862    1.261    2.729   -0.734
     496  -10.062   -6.008    6.795   -1.880    1.752    0.151   -1.733    2.792    2.615   -3.786
     497   -6.813   -7.935   -0.057   -2.142    2.698    0.085    1.522   -1.822   -0.528   -1.809
     498   -8.872   -9.974   -0.067    1.529    4.132   -0.216    2.628    0.614    2.097   -6.240
     499   -9.444  -10.527   -2.963    3.121    2.853    0.900    1.679   -0.219    3.187   -5.803
     500  -10.342   -1.071    4.389   -5.147    3.441   -2.690    1.822   -1.138    2.133   -3.204
     501   -8.950   -6.896   -3.863   -1.232    1.706    3.433   -0.542    0.882    3.036   -1.873
     502   -9.689   -3.588    0.731   -4.594    2.041    1.157    0.776    0.126    1.278   -1.070
     503   -8.570   -6.306    1.294    4.657    1.431   -1.617    0.269    0.399    0.235   -1.002
     504   -6.267   -7.246    2.477    4.768    1.595    0.947    4.103    1.439    0.564   -1.960
     505   -9.560   -4.335    2.138   -1.734    2.989    6.244    0.580    2.939   -1.741    0.301
     506  -10.005    0.642    1.649   -1.345    3.289    3.551    0.450    4.286    1.412   -5.135
     507   -9.874    3.968    3.876   -4.996    8.280    4.699    1.649    0.681   -1.133   -3.981
     508   -7.791   -3.133    3.769    3.512    1.356   -0.536   -1.078    6.661    0.614   -5.437
     509   -6.395   -5.968   -1.628    0.438    4.447    4.700    3.714    1.123    0.599   -0.300
     510   -3.645   -5.402    3.239    2.036    6.328    6.647    0.141   -2.054   -0.461    0.906
     511  -10.760   -4.706    1.157   -1.707    2.133    6.933   -1.324    1.893   -1.344    0.260
     512   -6.439   -5.693    4.487    1.862    2.492   -0.096    2.455    1.269   -0.680   -1.912
     513   -8.833   -9.673   -0.221    3.306    3.267    0.602    5.487    2.935   -0.649   -2.514
     514  -11.966   -6.213   -4.255   -0.225    2.249   -4.572    4.108    1.961   -4.688   -4.346
     515  -11.773   -6.334    3.362   -0.187    1.041   -1.871    1.830    0.707   -2.363   -2.075
     516   -8.688   -5.818    4.665   -0.460   -0.899   -2.758    2.239   -1.599    1.552   -2.316
     517  -10.303   -6.096   -5.089   -1.338    7.928    1.132    0.566    4.968   -0.834   -4.927
     518  -13.004   -2.939   -2.079   -4.434    6.222    4.748    4.027    4.065   -3.234   -3.874
     519   -9.146   -3.994    5.881    1.169    1.686   -0.151    4.585    2.094    1.425   -0.031
     520   -7.833   -6.647    3.144    0.600    0.793   -1.222    4.043   -0.306   -1.762   -3.044
     521   -7.168  -13.345   -1.862    7.994    4.909    2.748    5.224    1.260    4.333    3.040
     522   -9.899  -10.297   -2.220    3.764    2.808    0.480    6.551    2.063   -1.035   -3.951
     523   -7.231   -6.711   -1.445    1.888    2.235    3.244    6.881   -0.925    0.395   -3.591
     524  -10.802   -4.459   -2.879   -1.873    2.565   -0.501    3.036   -1.770    1.131   -4.085
     525   -8.321   -4.835   -3.285    2.639    2.328    0.288    6.889   -2.763   -1.649    2.993
     526  -11.248   -4.310    1.214    0.365    2.881   -4.399    3.451   -0.607   -3.195   -1.376
     527   -8.331   -4.034    0.755   -0.664    2.991    1.555    6.767    0.818   -4.176   -2.839
     528  -10.905   -0.963    0.461   -4.972    2.253    4.588    1.898    1.747   -5.666   -0.483
     529   -7.433   -2.661    4.958   -4.082    5.284    1.387    3.789    1.872   -2.206   -2.974
     530   -3.049   -7.853    2.340    3.310    1.197   -0.482    8.169   -1.808   -3.725   -3.969
     531   -9.302   -5.040    6.770    1.827    1.297    1.512   -1.220   -2.736   -4.393   -1.546
     532  -10.060   -3.958    2.665    0.060    4.453    1.923    1.625   -0.909   -3.261   -0.631
     533  -16.450   -3.644    8.946   -3.169    0.879   -3.850    1.423   -4.405   -2.779   -1.060
     534  -11.790   -4.976    5.357   -0.136    0.634   -8.192    0.673   -6.930   -4.269   -2.580
     535   -8.487   -3.443    2.698    2.507    4.495    5.120    2.519   -2.116   -3.701   -3.142
     536   -5.289   -5.702    8.495    0.198    4.755   -4.437    5.172   -6.433   -1.726   -1.266
     537   -8.501    1.731   14.253   -3.363    1.176    2.042    2.405   -3.522   -8.551   -2.060
     538   -1.386    1.064   15.449    1.870    5.885    7.703    6.402    0.054   -5.072    0.330
     539   -6.127    1.205   10.603   -2.422    6.924    7.771    2.721    0.635   -5.121   -4.125
     540   -6.125   -3.893    6.493   -0.915    4.295    6.484    4.828   -3.630   -1.222   -3.827
     541   -4.300   -4.407    7.466    0.923    4.564    4.127    0.618   -1.136   -2.574   -7.670
     542   -7.038   -3.199    9.652    2.066    0.284   -1.469    3.316   -3.328   -2.906   -4.128
     543   -1.489    0.902   10.758    0.615    4.433    6.749    0.357   -4.779   -2.059   -3.666
     544   -5.193   -2.433    7.479    3.137   -0.773    1.066    7.502   -3.479   -2.542   -3.142
     545   -6.255   -2.375    3.200   -0.676    1.678   -2.582    1.741    0.830   -4.571   -2.339
     546   -6.990    4.611   13.439   -1.543    0.567   -3.788    1.393   -1.306   -7.226   -2.993
     547   -1.937   11.135   14.627   -4.150    1.060    1.145   -1.469   -0.820   -1.348    0.874
     548   -8.618    2.120    6.654   -2.977    3.978    1.538   -2.607   -4.249   -2.676   -0.110
     549  -13.026   -0.241    4.394   -7.083    5.297    2.718    1.279   -5.502    0.722   -0.092
     550  -11.667   -0.465    5.839   -4.383    2.563   -0.799    4.336   -3.402   -0.776    3.552
     551  -15.497   -2.110    4.281   -4.298    0.198    0.706    4.920   -4.468   -4.341    0.512
     552  -12.586   -7.429    5.012   -1.076    2.815   -3.787    2.038   -3.614   -4.029    0.018
     553   -7.218    3.006   15.329   -1.520    3.769   -4.809    4.398   -2.308    4.052   -0.415
     554  -10.470   -3.841    7.040    0.311    1.839   -5.717    1.311   -0.301    1.393   -2.979
     555  -15.120   -4.692    3.134   -1.389   -1.312   -9.719    4.443    1.131    0.659   -1.217
     556  -15.882  -10.530   -3.284    4.090    0.587   -3.551    0.815    0.485    0.682   -1.308
     557  -15.022   -3.651    0.298    0.270    1.704   -7.500    2.268   -1.801    1.378   -1.312
     558  -10.271   -0.016    4.861   -5.069    5.105    2.770   -0.374   -3.089   -1.569   -1.376
     559   -6.215   -8.112    9.657    2.988    2.219    0.964    4.589   -2.255    0.442    5.174
     560   -7.400   -4.913    1.366    1.114    7.330    2.618    1.804   -0.700   -0.069   -1.641
     561  -13.514    1.038    3.222   -3.416    4.053    4.415    3.824    2.811   -3.497    1.653
     562   -8.434   -5.658    6.124    1.165   -0.294   -0.617    5.491    1.212   -1.942   -3.689
     563  -13.005   -6.720   -5.509   -6.996    7.674    5.294   -0.649   -0.397    3.178   -3.344
     564  -10.653    6.214   10.433   -8.682    1.427   -1.249    1.891   -1.569   -4.007   -4.577
     565   -5.425    5.257   12.265   -3.253    2.878    3.432    4.414   -4.325   -2.158   -0.066
     566    0.913    0.389    6.273   -2.232    7.604    7.138    3.708   -2.822   -1.951    1.910
     567   -3.199    1.648    4.189   -2.458    2.352    6.159    2.225   -2.615   -3.791   -0.622
     568   -3.761   -1.428    5.309   -5.026    3.651    2.033    5.596   -0.441   -5.705   -6.834
     569   -3.356   -5.923    2.438   -0.772    2.328    2.088    5.530   -4.479   -1.925   -2.989
     570   -6.011   -2.205   -0.766   -5.592    3.368    0.223    4.349   -1.921   -2.813   -5.153
     571  -13.285   -0.317    3.162   -5.715    1.296   -2.953    3.796   -0.080   -1.211   -8.201
     572   -5.958   -9.682    6.180   -1.652    2.413   -3.063    4.089   -0.212    0.877   -0.907
     573   -3.760   -1.067    2.764   -3.591    2.116    1.528    6.714    2.153   -0.447   -2.434
     574  -11.000  -10.361    3.816   -4.897    0.764    0.299   -0.937   -1.804    0.480    0.756
     575   -8.427  -13.643    0.079    0.300    2.139    2.121    1.664    0.321   -4.282   -2.076
     576   -8.803  -12.394   -0.736   -1.058    4.423    5.067   -0.265    4.502   -2.922    0.005
     577   -7.569  -13.405    3.235    1.797   -1.820   -1.329    4.698   -2.857   -2.158   -0.627
     578   -4.253  -12.436    7.485    2.630    2.216   -1.505    4.687    0.421   -1.433   -0.683
     579   -5.892  -11.860    8.383    0.901    3.447    4.691    3.469    0.671   -4.783   -1.328
     580   -9.253  -11.697    4.000   -2.021    1.069    0.328    5.366   -4.970   -4.572   -1.008
     581   -9.737   -3.739   -0.571   -3.944    5.246    3.492    4.446    1.289   -2.462   -3.333
     582   -7.527   -5.233    0.693   -0.893    4.528    4.051    4.798    2.456   -3.883   -5.724
     583   -8.167   -4.009    2.642    0.050    4.428    2.835    5.390    3.882    0.443   -3.584
     584   -3.878   -6.505    2.775    3.114    4.778    7.649    3.966    4.194    4.257   -1.577
     585   -8.028   -3.356   -3.173   -2.491    7.927    7.841   -0.462    3.069    0.798   -4.777
     586   -7.736   -3.494    2.580    0.777    1.676    6.460    4.352    2.995    2.818   -0.723
     587   -8.718   -6.067   -3.291   -4.341    5.380   11.060   -0.444   -3.466    1.181   -2.297
     588   -7.147   -8.801    2.038   -1.362    3.289    7.038    2.134   -0.960    2.452    1.165
     589   -7.595  -14.063   -0.075    2.719    3.057    6.760   -0.144   -3.129   -0.784   -1.068
     590  -10.722   -8.747    0.247   -3.107    2.549    6.926   -2.095   -4.290    4.142    2.671
     591   -3.459   -9.017    5.212    6.543    1.575    3.526    1.671   -6.543   -0.031   -1.678
     592   -8.726   -4.874    4.233   -3.210    0.640    5.446   -0.524   -4.389    3.117    1.255
     593   -4.361   -3.016    1.583    0.183    2.020    4.655    1.532   -3.178    6.729    1.148
     594   -9.706   -0.713    0.900   -5.778    3.541    6.870   -3.129   -2.263    1.952    2.363
     595  -13.524   -2.523   -0.889   -3.244   -0.187    0.485   -5.153   -5.385    4.439   -1.749
     596   -8.917   -9.435   -3.072    1.411    2.668    5.900    3.147   -2.061    2.747   -2.922
     597  -12.404   -4.394    4.138   -2.752    1.339    1.362   -0.289   -3.824    4.520   -2.092
     598   -9.150   -1.030    6.775   -4.325    1.153   -1.019   -1.585   -4.281    2.600   -2.362
     599   -9.103   -4.135    2.655   -4.784    0.911    0.991   -0.979   -8.224    7.538    0.779
     600  -11.449   -2.988    2.922   -4.261    0.079   -2.845    2.261   -5.853    6.724    0.135
     601   -6.956   -1.150    6.758   -4.479   -1.011   -1.445   -2.839   -8.641    3.041   -2.848
     602   -9.057   -4.696    2.136   -4.850    2.806   -0.544   -2.919   -7.421    2.546   -1.066
     603   -6.079   -2.360    0.534   -0.678    3.831    2.429    4.228   -3.025    3.819   -3.825
     604   -8.734    4.075    4.863   -4.522   -0.843   -0.707    0.987   -3.715    1.315   -2.844
     605   -2.710    1.121    7.947    1.182   -4.348    2.685    2.007   -5.405    1.053   -0.184
     606   -5.196   -3.369    5.634   -4.458    1.333    0.366   -1.347  -12.014   -0.303   -0.446
     607  -11.363   -2.994    4.281   -4.188    2.082   -7.643   -4.516   -6.981    1.108   -0.821
     608   -5.844    4.145   13.721  -11.370    3.629    0.715    0.476   -2.818    0.335   -3.271
     609   -6.669   -5.012    4.805   -3.784    3.178    2.830   -0.224   -4.614   -2.949   -1.399
     610   -9.054   -1.307    6.837   -3.929    2.126   -7.125    4.031   -6.327   -1.592   -3.219
     611   -9.456   -0.166    6.202   -8.125    2.537   -4.731    2.786  -10.068   -0.874   -1.834
     612   -5.572    2.549    8.137   -6.342    2.091   -5.941    3.778  -10.698   -5.064   -1.559
     613   -2.536    2.795    8.032   -2.091   -1.250   -3.246    3.134   -5.430   -6.483   -2.624
     614   -8.136    3.036    6.873   -0.288   -0.311   -1.046   -1.981   -4.276   -5.107    1.916
     615  -10.623    3.874    0.103   -4.285    2.585    4.489    3.140    1.086   -2.095   -3.645
     616  -10.224    4.343    1.157   -1.524    1.787    2.187    1.147    0.228    1.010    0.172
     617   -8.475    7.838    7.779   -4.048    3.827    6.168   -1.898   -0.141   -3.160    0.774
     618  -10.177    7.634    5.184   -3.556    0.763   -0.687    4.930    1.673   -0.741    1.293
     619  -11.243    5.883    2.282   -7.384   -0.008   -1.686   -2.752   -3.604   -0.525   -0.144
     620   -7.818    2.088    6.974    3.045    1.537   -3.791    0.637    2.061   -2.186    0.704
     621   -7.114   -4.326    0.769    0.397    1.735    0.313    1.259   -0.827    0.751   -4.487
     622   -9.990   -6.664    3.477    1.340    1.185   -8.950    0.282   -5.341    3.399   -1.338
     623  -13.801   -2.695    2.391   -0.611    4.497   -2.036    0.697   -4.127    1.955   -1.390
     624  -11.906   -3.386    0.385   -5.707    6.238   -0.194    2.236   -0.297    0.403   -3.649
     625  -11.323   -3.456    0.196    0.515   -0.108    6.637    4.658    0.770    0.431   -1.046
     626  -10.611   -4.701    3.663   -3.459   -1.573   -0.952    4.820   -2.570   -0.828   -0.772
     627  -10.341    0.577    7.298   -4.712    5.719    4.185    2.289   -3.633   -0.182    4.443
     628   -9.605    4.582    6.022   -3.764    3.107    2.593    0.281    0.995   -3.268   -1.587
     629   -6.848   -2.553    7.306    3.451    3.570    1.116    6.841    2.558    1.784   -3.007
     630  -10.939    3.066    3.607   -2.295    2.808    6.168    0.951   -2.259   -3.596   -0.577
     631  -11.573    0.365   -2.156   -2.616    1.758    3.740    1.909   -2.913   -3.847   -4.943
     632   -6.460   -6.732    7.298    4.429    2.739    2.399    6.056   -0.827   -3.292   -1.198
     633   -8.615   -5.737   -2.280    3.607    3.749    1.512   -0.142   -3.347   -0.420   -4.711
     634   -8.572   -4.094    5.453    2.409    1.223    3.171    0.954   -2.960    2.058   -1.965
     635   -9.430   -6.019    2.261    3.566    3.259   -1.894   -1.148   -0.856   -0.125   -4.821
     636   -9.998   -5.005    4.977    5.327    2.108    1.216    1.887   -1.223    0.669   -3.294
     637   -7.250   -2.064    2.723   -1.381    2.640    5.826    0.331   -2.255   -0.713   -5.767
     638   -8.309    0.617   10.954    2.616    0.619   -2.774    1.408   -0.475    0.426   -2.549
     639   -6.723   -1.975    6.933    0.210    3.635    1.128    0.876    1.217   -0.154   -1.146
     640   -8.374   -3.721    2.073    1.956    6.302    3.124   -3.903   -1.369    2.872   -2.715
     641   -6.899   -7.976    3.922    4.936    2.888    2.672    0.250   -3.892   -0.500   -3.109
     642   -4.703  -10.144    9.585    8.046    0.600   -5.639    5.071   -3.227    0.013   -0.677
     643   -9.796   -4.770    3.126   -4.217    3.226    5.196    5.868   -3.637   -3.052    1.625
     644   -7.489   -5.265   -1.253    3.410    3.081   -0.332    0.561   -5.650    1.150   -3.296
     645   -8.701   -3.799   -0.467   -3.929    5.051    3.512    1.006   -5.118   -5.083   -1.638
     646   -7.107   -4.048   -1.554   -1.338    7.172    4.772    2.251    2.575    2.270    0.033
     647  -10.071   -1.947   -0.898   -3.489    7.135    6.092    1.257   -2.268   -2.356    0.205
     648   -6.272    0.005    4.657   -0.202    7.920   -2.206    0.953   -1.377    0.067    0.593
     649  -12.935   -0.192   -1.346   -5.091    4.237    3.303   -0.960   -1.363    0.458   -2.850
     650   -8.825   -4.904    2.569   -3.717    4.179    5.618    1.270   -3.338    1.245   -4.719
     651   -3.791  -11.210   -3.300    7.525    5.972    2.983    1.587    2.534    3.062   -2.614
     652  -12.141   -6.399   -2.378    5.756   -0.204   -0.386   -1.231   -8.371    1.305   -2.210
     653   -7.342   -3.977    2.485    3.354    0.606    0.104    6.195   -2.004    2.101   -1.152
     654   -8.648   -2.960    3.330    3.342    3.772   -1.039    2.337    0.565   -0.670    1.933
     655   -4.032   -6.386    2.422    0.634    2.480    5.535    1.213   -1.365    1.954   -1.339
     656   -8.029    0.320    9.184    0.532    3.908    1.784   -2.664   -1.078    0.324   -1.888
     657  -11.698    6.607    7.164   -1.236    3.344   -0.869   -4.009    1.630    0.400   -3.835
     658   -8.232   -7.005   -4.852    5.840    4.669    5.616    1.858   -2.918   -1.279   -3.644
     659  -15.244   -2.899    1.144   -4.304    3.048    0.244    1.749   -1.092   -2.913    0.909
     660  -12.029   -6.036   -0.194   -1.390    3.826    3.499    1.209   -0.604    1.202    0.537
     661  -10.085    0.159    6.627   -1.173    1.338   -0.476    1.138   -5.069   -3.727    1.863
     662   -9.489   -0.511    4.664   -1.104    2.655    2.709   -1.966   -0.616   -1.260    0.724
     663   -7.601   -6.818   -2.524   -1.330    3.984    5.291   -2.177   -5.774   -2.094    0.777
     664   -6.132   -0.282    3.141    7.656    6.720    3.496   -4.999    1.274    0.955    3.113
     665   -7.972   -6.155   -4.252    2.649    3.965    4.179   -4.958   -1.427    1.058   -2.924
     666   -3.874  -14.309    2.563    7.340    3.647    1.456   -4.216   -2.034    0.004    0.812
     667   -7.115   -0.704    3.318    0.018    4.372    3.750    1.613   -4.010   -3.758   -2.543
     668   -6.987   -2.817    7.188    2.858    4.590    1.246   -1.026   -0.620   -2.563   -1.169
     669   -6.184   -6.246    3.451    5.645    9.587    4.175    1.796    2.959    1.631    0.911
     670   -0.932   -5.007    3.355    3.308    7.156    2.450    0.191    0.073   -0.546    2.727
     671   -2.671  -15.444   -1.818   10.226    7.415    3.422    3.678   -2.598   -0.256    4.949
     672   -5.016   -8.843   -0.640    8.077    8.118    0.581    0.599    0.964    0.021    2.163
     673   -3.326   -2.718    3.972    3.296    5.415    2.181    0.182   -1.602   -3.988    1.465
     674   -7.154   -4.921   -1.307    4.383    8.476    3.258   -0.383   -0.848   -0.638    3.471
     675  -10.495   -9.890   -1.868    5.724    5.579   -1.632    2.214   -6.416   -0.854   -0.167
     676  -10.461   -6.359    1.558    2.880    1.993   -0.258    2.109   -1.856    0.369    2.429
     677   -2.012   -6.742    4.952   10.922    8.370    1.129    2.243    4.252   -1.703   -0.446
     678   -5.303   -1.591    1.491    0.002    6.517    2.168   -2.138    1.308   -0.946    6.173
     679   -8.955   -1.229    2.709   -2.555    4.640    0.926   -4.415   -2.234    0.392    3.448
     680   -3.800  -12.628   -4.872    8.451    1.855    6.152    0.980   -0.837   -2.376    3.233
     681   -6.580   -4.387    1.027    2.130    6.498    4.326   -5.665   -1.604   -2.369    1.591
     682   -8.380   -8.267   -0.549    2.049    5.170    1.844   -3.409   -2.605   -0.432   -1.133
     683   -3.195  -11.834    2.165    3.872    5.930    0.340   -3.576   -2.484    1.758    4.215
     684   -7.446   -7.418   -0.631    2.072    4.403    1.517   -5.660   -0.444   -1.379   -2.804
     685   -9.911   -3.911   -1.807    0.249    5.501    0.922   -7.131   -3.264   -0.086    1.823
     686  -14.208   -7.026   -3.973    2.745    4.173    0.037   -2.419   -2.425   -4.628    5.998
     687  -10.593   -8.042   -7.016    3.925    2.854   -1.813   -1.149   -4.025   -2.515   -1.289
     688  -12.444   -1.600   -1.683   -2.652    1.494    5.127   -5.346   -1.668   -4.850    2.534
     689  -14.822   -8.192   -7.463    0.984    5.439   -1.373   -4.134   -1.559   -2.039   -5.690
     690  -15.156   -1.786    0.136   -3.327    7.409   -2.294   -6.089   -0.278   -0.276    0.820
     691   -9.304   -0.066    3.741   -1.052    3.866    2.674   -9.145   -0.419   -2.793    3.909
     692  -13.019   -1.622    0.592   -0.027    1.703   -3.110   -3.933   -0.470   -0.163   -0.059
     693  -15.665    1.698   -0.691    1.200    1.753    0.225   -5.392    3.528    2.021   -1.035
     694   -7.111   -5.864    3.529    6.311   -0.161   -3.160   -5.183    4.392    3.495    3.094
     695   -4.684   -0.379    6.788    0.715    2.776    5.065   -6.765   -2.158   -4.613   -0.234
     696   -2.053   -9.061    6.657   12.320    0.821   -3.527   -3.199    0.309   -1.351    2.356
     697   -5.792   -6.683    6.834    6.040    5.051   -3.692   -5.365   -6.395    3.712    1.074
     698   -3.170   -6.688    7.148   10.237    2.768   -0.403   -3.824    3.892   -1.133    0.237
     699   -9.614   -0.849    4.587    3.010    5.753   -3.984   -6.694    2.666    2.181    0.167
     700  -10.784   -0.647    3.764    3.181    2.863   -3.162   -3.252    5.085    2.221   -7.552
     701   -9.920    0.014    3.034    6.689    5.216   -1.615   -3.949    4.163   -1.677   -1.089
     702  -10.970    1.370    2.701    2.279    5.670    6.640   -1.996    5.756   -2.170   -1.916
     703   -7.179   -4.090    4.441    4.716    8.564    4.281   -2.608    2.941   -1.920    6.149
     704    0.253   -7.262    9.444   15.710    3.004   -3.787   -0.681   -0.448    1.958    4.201
     705   -7.180   -5.664    4.408    5.187    5.708   -1.754    1.507   -0.191    1.381    4.052
     706   -5.397   -7.122    0.397    5.132    5.729    2.675   -0.756   -0.559    3.339    5.370
     707   -6.695   -5.783   -2.245    7.514    7.937    4.980   -3.866   -0.523    0.787    3.971
     708   -3.044  -10.464    3.369   10.330    6.232    0.983   -3.174    2.195    6.311    3.981
     709   -3.708   -4.160    7.851    6.724    6.190    2.527   -2.999    2.186    2.939    3.871
     710   -5.630   -4.121    2.985    6.854    8.787    2.273   -2.650    3.962    3.955    4.555
     711   -6.061   -4.155   -0.057    5.420    6.228    4.254   -3.667    3.655    4.029    5.012
     712  -11.336   -0.519   -0.440   -3.095    3.603    5.563    1.781    4.674    5.096    1.498
     713   -5.303    0.541    1.405   -3.649    7.814    1.576    3.122    4.834    1.751    4.083
     714   -8.750   -2.330    1.760   -0.996    6.819   -3.674   -1.294   -2.298    3.225    6.956
     715  -10.080    3.982    3.234   -5.089    3.312    3.088   -2.092    1.278   -0.217    3.510
     716   -7.949   -0.428    4.846   -1.522    3.455   -6.658    2.322   -1.177    0.893    2.854
     717  -10.368    3.845    9.783   -3.033    0.269   -9.703    0.877    2.422    2.461   -1.124
     718  -11.515    4.319    2.472   -7.231    4.312    2.823    3.354    2.049    3.550   -0.153
     719   -7.988    2.141    7.598   -4.157    3.989   -4.622   -1.082    3.734    2.028    2.955
     720   -5.467   -1.682    4.480    1.315    2.531   -0.822   -1.625    2.452    0.667    2.069
     721   -8.813    1.184    2.822   -2.127    5.971    0.031   -2.699    3.911    1.213    1.430
     722   -6.589    5.072    7.508    2.217    2.657    3.750   -4.239    5.640   -1.013    4.665
     723   -9.106    4.926    8.132   -2.459   -0.316   -2.074   -3.947    7.863   -0.909    1.485
     724  -11.899    0.670    4.057   -0.969    4.887   -2.373   -3.380    6.713    0.080    0.895
     725   -9.918    2.150    4.495   -1.292    3.637    0.994    0.634    5.493    0.732    2.503
     726  -12.633   -0.884    0.419   -2.345    3.998   -1.058   -1.285    3.711    1.461   -0.040
     727   -6.209   -3.118    1.785    1.901    4.742    4.633    0.056    2.304   -0.883    3.089
     728   -8.795    0.964    2.502   -4.331    4.467    6.929    0.852    2.772    2.951    4.042
     729   -9.027   -1.968    0.908   -4.275    5.240    6.239    1.579    2.413    0.459    2.059
     730   -9.156   -1.045   -3.210   -5.515    5.107    2.653   -1.418    3.380    3.628    1.783
     731  -10.520   -2.889   -1.500   -6.544    5.051    3.702   -1.229    3.168    0.006   -1.565
     732  -10.281    1.582   -0.402   -5.440    4.659    0.765   -2.383    1.455    4.635   -1.043
     733   -6.609   -1.819    1.830   -2.279    5.645   -2.744   -2.877   -0.093    1.165    1.468
     734   -7.782   -2.805    0.157   -0.590    2.545   -0.064   -0.229    4.678    0.709    2.085
     735   -9.589   -1.791    2.919   -1.944    4.920    0.195   -1.822    2.390    3.104    5.066
     736   -6.649   -4.281   -0.735    4.185    6.387    4.028   -4.670    3.332    3.117    4.892
     737  -14.382    3.277    2.376   -3.281    2.462    0.362   -7.284    3.071    0.567    0.969
     738  -11.862   -2.881    0.318   -0.988    3.982    0.626   -1.280    2.373    1.557    4.592
     739  -12.418   -0.048   -2.407   -0.351    7.056    1.142   -2.135    2.177   -2.536    2.188
     740  -11.264   -0.476   -1.718   -2.175    6.684    1.417   -1.446    0.049    0.218    5.624
     741   -9.329   -1.067   -3.553   -1.751    5.321   -1.660   -1.757    2.501    2.192    7.184
     742  -13.196    1.969   -1.062   -7.379    6.215    1.385   -4.003   -0.686    0.078   -0.154
     743  -12.693   -8.322   -6.505    2.041    3.649   -0.813   -0.951    3.841    2.349    0.643
     744  -13.085    0.244    6.434    2.705    1.808  -10.748   -1.839    1.914   -1.043   -1.283
     745  -17.676    0.208   -2.386   -4.575    1.540   -3.958   -2.814   -0.450    2.222    1.557
     746   -9.793   11.257    3.660   -6.034    4.805   -1.362   -3.316    3.386    0.359    4.854
     747  -13.637    5.235    2.473    0.180   -2.579   -8.365    0.233    1.444   -0.798    3.419
     748  -16.792    2.248   -5.940   -3.103   -2.030  -10.453    3.143    2.254   -0.928    0.517
     749  -10.706    3.353    5.831   -1.823   -1.012   -4.122   -5.370   -1.534   -0.745    3.914
     750   -9.312    0.974    2.554    4.069    0.244   -6.434   -0.958    0.995    0.447    4.016
     751  -14.544   -2.885   -5.427    3.901    0.741   -5.709   -3.419   -0.153   -0.564    2.623
     752   -8.819   -2.209   -3.410    4.241   -0.914   -6.265   -0.009   -1.868   -5.322    4.821
     753  -10.659    0.544   -0.603    3.358   -2.062   -5.629   -1.938    2.267    1.312    0.645
     754  -15.029    8.396    2.141   -1.039   -1.433   -2.985   -3.261    4.559   -0.537   -2.235
     755  -14.223    2.942   -2.184   -4.579    2.466   -3.467   -0.552   -3.508    2.040    6.681
     756  -14.363    2.085   -0.071    4.030   -1.512   -5.809   -3.119    4.191    1.512    3.993
     757  -15.010    4.995    0.802   -2.845   -1.418   -9.409   -0.086    1.535    1.174    4.024
     758  -19.803    5.413   -2.865   -3.612   -2.525   -9.544   -2.599   -1.286    3.676    1.935
     759  -21.789    1.750   -2.847   -0.823   -1.978   -5.339   -6.264    1.496    1.165    5.748
     760  -21.905    1.039   -1.213   -8.478   -2.461  -10.048   -1.530   -3.972    0.398    6.801
     761  -18.508   -3.490    0.055   -0.559   -1.814  -10.261   -3.897   -4.335    2.603    4.724
     762  -19.540   -8.170   -5.677    2.662   -0.443   -6.826   -1.861   -2.476    4.516    2.709
     763  -10.237    3.231   -4.166    6.121   -3.976   -1.157    1.452    3.686    2.641    2.222
     764  -12.861    1.834   -1.187    2.235   -6.986   -1.491   -1.455    3.887    0.029    3.192
     765  -14.185    2.866    1.410    0.643   -4.786   -0.862   -5.400    4.795   -0.410    0.221
     766  -12.710   -0.656   -5.053    2.674   -3.805   -8.790   -3.617   -0.310    3.389    4.034
     767  -13.995    1.866   -4.558   -6.406   -0.961   -3.224   -4.572   -4.101    1.688    0.215
     768  -10.778   -0.789   -1.016    2.102   -3.207   -1.209   -2.587    5.596   -2.981    1.983
     769   -9.059   -1.990   -4.031    8.928    0.568   -5.553   -1.956    2.656    0.106    6.615
     770   -7.812   -2.301   -3.149    6.623   -2.219    2.996   -0.747    7.511   -0.188    5.472
     771   -7.423   -4.927   -3.219    7.520   -2.084    0.088   -2.152    3.737   -3.325    3.264
     772  -12.258    0.982   -6.577    2.741    0.683   -5.776   -2.542    2.647   -1.500   -1.969
     773   -9.009    5.092   -4.554    2.417   -0.985   -6.830    2.272   -0.546   -2.651    1.877
     774  -13.060    6.864   -0.912   -5.663   -2.655    0.981   -1.413   -1.559   -0.254    1.147
     775  -10.000   12.673    3.707   -0.043   -4.795   -5.971    1.048   -1.890   -5.058    0.545
     776  -10.195    7.027    1.489   -0.881   -3.477    1.063    2.998    0.947   -1.796    1.126
     777   -9.176    3.683   -1.116    4.662   -2.650   -0.030   -0.738   -3.060   -2.677    4.999
     778  -12.787    5.998    1.612    5.298   -3.609   -0.225   -3.425    1.503   -5.687    1.213
     779  -10.567   -1.076   -6.756    7.426   -0.433    0.768   -0.589    0.962   -3.326    2.095
     780  -13.912    1.783   -1.018    0.726   -3.996   -0.095   -0.540    1.226   -3.022    7.567
     781   -0.628   -6.419    6.905   10.772   -7.313    0.007   -0.835   -2.133   -6.664    4.972
     782   -1.195    3.380    9.784   11.480   -3.430    2.928   -1.816    0.927   -5.777    3.649
     783   -3.927   -4.285    2.395    8.262   -2.758    1.706   -1.505   -1.728   -5.560    8.082
     784   -9.972    2.095    2.233    3.416   -1.036    9.042   -0.150    5.105  -10.082    4.041
     785   -7.721    0.957    0.863    4.162   -2.890    3.831   -1.420    3.968   -4.607    5.772
     786   -9.018    5.031    9.008    7.520   -5.938   -0.388   -1.115    5.396   -7.029    5.515
     787   -7.900    6.324    4.382    5.665   -1.255    0.142    2.460    7.223   -4.711    5.754
     788   -9.331    1.851   -0.548    5.412   -0.891    4.766    1.220    4.349   -6.632    1.256
     789  -10.293    1.575   -0.246    6.057   -0.110    5.153   -0.732    5.301   -6.256    6.504
     790   -6.463   -1.157    3.104    8.752   -2.879    8.127   -1.943    7.447  -10.376    5.082
     791  -15.665    5.454    1.599   -0.385   -5.915   -3.048   -2.535   -0.236    0.318    5.430
     792  -16.716    3.477    4.605    0.220   -6.047   -8.705   -0.469    0.109   -4.610    4.394
     793  -13.007   -0.181    0.086   -1.230   -5.759   -5.233    2.184    1.041   -6.474    4.581
     794  -13.704    0.976    1.454    1.070   -5.914   -2.376   -0.848    0.224   -9.173   11.186
     795  -13.967   -1.565   -0.629    4.162   -7.089   -3.598    0.363   -3.325   -7.900    8.508
     796  -20.264   -2.062   -2.170   -0.845   -5.071   -8.506    0.711   -0.377   -5.827    7.813
     797   -9.779    3.279    7.266    2.848   -1.499   -1.947    1.536    5.589   -6.688    7.544
     798   -6.145    6.009    3.635   -2.177   -0.152   -1.893   -1.645    0.563   -8.609    6.120
     799   -9.908   -3.546   -4.201    6.670   -0.247   -6.557   -0.519    3.975   -5.400    1.209
     800   -6.064   -2.409   -0.833    6.349   -2.142    0.194    2.589    6.103   -6.827    3.988
     801  -10.726    3.409    2.267    2.558    2.015    2.396   -1.699    3.884   -6.839    7.004
     802   -7.458   -0.248   -0.678    5.970    1.614   -0.515    2.592    2.719   -5.431    5.268
     803  -13.824    0.037   -5.764    1.266    0.230    1.900   -5.360    4.838   -4.598    4.674
     804   -9.570   -2.570   -6.839    6.703   -0.650   -4.728   -3.469    2.736   -2.700    2.286
     805  -10.944   -0.796   -4.489    3.326    0.527   -1.196    1.257    5.551   -3.010    5.943
     806   -9.667   -4.914   -4.343    6.481   -3.504   -6.442   -2.365    1.119   -1.784    6.114
     807   -6.223   -4.640   -2.482   12.327   -3.230   -3.249   -0.937    2.537   -4.814    1.553
     808  -10.827    4.120   -4.381    0.079   -0.659   -4.286   -1.590    2.653   -2.991   -5.060
     809  -10.962   -0.023   -6.757    2.017   -2.159   -3.370   -1.533    2.023   -8.994   -4.800
     810   -9.192    0.196   -4.936    5.072    0.508   -3.196    0.513    5.564    2.133   -2.349
     811   -8.999    0.180   -4.489    0.954   -0.675    3.998   -2.221    2.262   -0.804   -2.694
     812  -12.512    3.081   -5.128   -0.314   -3.240    2.337   -4.226    5.875    0.129   -4.667
     813  -12.575    1.334   -1.839    2.883   -3.504    0.903    2.404    7.787   -2.870   -0.772
     814  -14.260    0.600   -6.207    2.274   -0.409   -3.105   -0.829    6.483   -0.176   -2.387
     815  -16.935   -0.973   -8.132   -0.732   -0.232   -2.482   -3.541    0.493   -1.584    3.398
     816  -13.383   -4.757   -6.303    1.164    2.550   -2.813    2.958    3.304   -0.321    6.380
     817   -9.251    4.616    2.224    4.046   -0.200    3.383    5.992    4.512    0.796    0.967
     818   -4.872    3.900    2.803    1.712   -1.118    8.411    5.982    2.944   -2.134    5.241
     819  -12.177    8.314    2.529   -4.162   -0.406    4.884   -4.506    6.394    0.806    4.107
     820  -12.590   -1.275   -1.391   -0.065   -2.218    0.051   -1.975    4.555    2.215    2.113
     821   -9.576   -3.416   -9.576    8.663   -0.916   -0.735    0.542    7.288    0.512   -3.109
     822  -16.656   -0.288   -3.948   -7.431   -4.747   -0.023    2.440    0.234   -0.326    1.669
     823   -8.856    4.380   -0.217    1.875    0.275    0.474   -3.969   10.540    2.080    0.838
     824  -11.309   -1.731   -5.744    5.638   -2.258    0.160    0.677    4.561    1.431    3.549
     825  -19.739   -3.941    1.575   -1.530   -1.858   -0.864   -4.994    0.986    2.846    2.132
     826  -16.881    2.619    4.212   -4.709   -0.610   -6.045   -4.163    4.240    1.290   -2.296
     827  -22.451    3.570    0.840   -9.003   -2.121   -2.539   -3.597    1.732    2.611    4.653
     828  -21.261    3.934    0.003   -6.173   -9.971  -14.968   -1.851    1.376    1.681    1.987
     829  -20.091   -3.557   -6.206   -6.828   -1.954   -8.593    0.117    1.614   -0.283    0.039
     830  -23.200    0.998   -3.917   -9.242   -5.443   -8.913   -0.726   -0.174   -0.673   -1.791
     831  -14.768    0.506    1.926   -0.450   -6.504   -6.730    3.166    4.217   -0.965   -0.090
     832  -12.774   -2.448    0.057    4.691   -5.869   -4.149    2.687    3.010    0.186   -2.003
     833  -21.567   -5.266  -12.965   -1.012   -7.553   -0.522    3.988   -1.124    0.023   -1.757
     834  -16.761   -0.141   -4.488   -3.018   -9.520    1.984   -2.826    3.921    1.595   -1.714
     835  -15.032    0.543    2.455   -1.149   -3.023   -6.075   -0.201    3.771    2.844    1.145
     836  -14.831   -0.268    6.677    0.644   -3.235   -8.033   -0.989    3.646    1.952    4.155
     837  -13.264   -0.627    0.322    1.769   -1.724   -9.004   -1.234    2.880   -0.171    0.562
     838  -16.365   -4.051   -4.062   -1.660   -2.499   -3.965    1.537   -0.425    1.301    3.200
     839  -12.244    9.561   -6.748   -4.282   -0.655   -0.128   -2.225    3.002   -0.032   -2.100
     840  -17.506    4.981   -5.577   -2.948    0.484   -1.924   -0.180    6.641   -0.328   -2.223
     841  -17.180    5.455   -6.681  -12.167    6.038   -1.582   -1.579    3.088    1.360   -4.500
     842  -13.599   -3.296   -8.154   -4.650    3.745   -4.203    0.308    5.760    4.376   -4.281
     843   -6.850   -1.371  -12.312    0.720   -1.448    2.338    1.599    2.561    5.032   -1.584
     844   -6.135    4.422   -1.179   -1.667    1.383    2.565   -2.674    3.977    4.097   -0.562
     845  -11.116    2.202    5.173   -2.928    4.784    2.152   -0.619    5.870    1.142   -3.409
     846  -16.923   -2.194    5.284   -8.168    5.361   -0.701   -2.976    3.703    2.547   -0.151
     847  -23.142   -2.372   -2.899   -4.666    1.052   -1.538   -1.159    3.773    2.863   -1.366
     848  -20.270   -0.580   -3.618   -4.720    2.400   -3.112   -3.093    4.248    0.086    2.154
     849  -18.690   -7.250  -19.476    6.148   -0.065   -0.710   -3.194    2.698    0.662   -1.259
     850  -11.995   -8.252  -13.198    6.442    0.476    2.274    2.843    1.523    1.042   -1.630
     851   -7.368    1.379   -7.437    9.233   -5.446    2.408    1.183    4.377    1.666   -5.108
     852   -9.685    0.822   -7.994    8.652   -4.509    3.640   -2.698   -2.638   -1.042   -0.273
     853  -10.216    1.113  -11.911    6.257   -6.653    7.241   -4.291   -1.701    0.040    3.821
     854   -8.038    4.537   -5.600    3.165   -2.770   -0.200   -2.569    1.263    0.331    1.553
     855   -7.995    7.750   -3.021    2.158    1.094    3.883   -0.389    4.963    1.373    6.808
     856   -5.329   -0.353   -8.768    9.953    0.299   -4.482   -2.155    3.849    1.351    2.086
     857   -8.864    2.576  -11.489    1.526    3.587   -0.702   -3.292    2.358   -0.144    3.014
     858   -4.162    3.501   -2.524    2.698    1.403    1.194   -6.505   -0.864    0.219    9.624
     859    2.701   -0.344   -1.224    4.455    0.265    1.393    2.026   -3.857    1.139    5.175
     860   -7.518    1.309   -8.470   -1.000    3.242   -2.846    0.020   -2.905    1.165    5.953
     861    0.571   -2.774   -4.718    7.705   -0.719    2.257    0.187   -0.857    3.262    6.018
     862   -4.264   -0.491   -0.386    0.678   -0.244    1.450   -4.334    2.846    6.125   -0.773
     863   -9.174    3.840   -3.022    0.514   -4.306    6.180   -6.109    4.703    4.139   -4.916
     864   -3.376    4.954   -4.854    5.204   -7.673    8.955    4.319    2.236   -4.602    1.482
     865   -2.039    1.870   -3.927    8.422   -3.483   -1.027    3.174    0.064    0.373    1.709
     866   -2.886    7.438   -6.067    5.454   -7.202    5.853    1.775    0.695   -3.354   -2.355
     867   -4.251    4.880   -3.495    6.703   -7.011    6.801   -0.622    1.916   -1.512    3.506
     868   -4.843   11.435   -7.642    3.191   -1.344    5.157   -0.715    4.316   -0.152    2.107
     869   -5.425    6.012  -12.157    3.690   -4.061   10.516    0.515    3.581    1.642   -4.436
     870   -5.596    3.705   -2.408    6.744   -6.579    1.674   -5.289    1.528    4.497   -1.800
     871   -2.510   -2.577  -16.185   11.420   -4.280    0.805    5.278   -3.938    2.852    2.175
     872   -4.798    2.961   -8.821    5.684   -1.845    0.740    1.812    0.627    3.375    3.807
     873   -1.399    0.485  -14.964    8.512   -5.021    5.336    2.744   -3.349   -2.200   -0.531
     874    4.947    6.072   -1.549    7.403   -5.001    1.712    6.734   -1.350    0.559   -1.074
     875    0.712   12.890   -0.587   -3.936   -4.697    8.039    5.710   -5.023   -0.330    6.008
     876   -7.013    7.666   -4.670    1.168   -4.410   11.679   -2.375   -3.319   -2.616    2.625
     877   -3.268    2.052   -4.497   -2.321   -1.749    5.284    2.572   -7.485   -2.699    3.041
     878   -7.073    7.944    1.545    0.945   -6.308    1.087    0.817   -2.395   -2.088   -0.217
     879   -6.178    1.598   -6.556    3.029   -5.200    5.299    0.749   -0.254    0.193   -3.343
     880   -7.939   -1.145    3.139    1.339   -4.648   -1.010    0.954   -3.457    0.902    1.351
     881   -3.221   -3.301   -4.798    4.758   -4.595    5.123   -3.987    3.018    2.713   -0.973
     882   -6.537   -9.064   -7.940   -0.592   -2.741    3.097    1.231   -5.947    1.354    2.105
     883  -10.255    2.231   -8.281   -5.419   -1.194    1.592   -2.691   -3.675    2.131   -1.923
     884   -6.560   -3.513   -2.554   -0.672   -5.202    2.507   -1.286   -1.253    0.300    3.305
     885   -8.694    4.367    1.770   -1.939   -0.687    4.888   -3.266   -3.032   -0.621   -4.063
     886  -11.380    0.520   -2.703   -1.146   -1.381    4.933   -0.452    0.160   -0.860    2.798
     887   -9.871   10.619    3.666   -6.523    0.820    0.798    1.921    2.421   -0.483    2.119
     888   -8.210    3.823   -2.742    0.736   -5.159    1.552   -0.631    0.795   -0.617   -2.511
     889  -11.510    7.845   -2.721   -6.274   -3.666    0.947   -3.083   -4.337   -2.005    2.869
     890   -8.413    4.499   -4.772   -1.728   -4.487    2.621   -1.494   -2.839    2.089   -3.357
     891  -11.766    2.794   -3.045   -2.276   -1.133   -4.370   -2.282   -4.662    1.682    0.720
     892  -11.497    3.912   -0.561   -5.369   -3.969    0.631   -2.512    1.804    4.215   -1.178
     893  -17.865    5.019   -2.242   -7.374   -3.360   -1.045   -3.317    0.482   -1.102    0.726
     894  -15.994    0.703   -3.771   -4.578   -7.676   -1.303   -2.785   -0.435    3.654   -2.014
     895  -10.195    9.170   -1.880   -5.755   -3.487   -2.131    2.238   -0.731   -2.596   -3.258
     896  -12.419    4.579   -2.506    1.679   -8.793   -4.487    3.797   -3.767   -2.151   -1.923
     897   -7.854    3.656    2.312    0.720   -7.162   -3.078    0.370  -12.430    0.400    1.156
     898   -8.309    5.307    2.525   -2.081   -6.648   -3.349    2.225   -8.926   -2.280    2.184
     899   -6.888    5.145  -10.352   -1.747   -3.097    3.452    1.168   -6.144   -0.848    2.579
     900   -4.337    1.812   -1.139    2.403   -3.416   -3.095    4.808   -2.244    0.409    4.895
     901  -11.218    9.792   -4.196   -3.335   -6.912    2.181   -1.751   -0.989   -1.942    1.268
     902   -6.740    7.756   -7.450    0.013   -3.627    0.015    1.421   -2.051    3.547   -2.569
     903   -3.485    8.230    1.201   -1.700   -0.730    3.548    0.669    0.283    2.179    0.563
     904   -5.147    7.265   -5.465   -3.714   -3.771    3.903    1.714   -0.292    0.518   -1.431
     905   -3.886    5.678   -6.472   -4.378   -1.244    4.506    2.286   -5.867    2.110   -0.292
     906   -6.521    5.499   -3.718   -2.261   -5.438   -1.422    2.294   -2.985    2.595    3.754
     907   -0.841    7.746   -0.602   -2.346   -5.851    7.509    2.310   -3.675    5.437    4.621
     908    1.210   10.564    5.167    1.496   -0.827    1.647    6.925   -0.471   -3.622    3.558
     909   -2.909    8.553   -6.397   -4.716   -2.511    5.520    1.694   -4.238    2.681   -1.594
     910   -8.714    6.987   -6.407   -5.254   -7.525    4.203    3.652   -3.778    0.636    3.305
     911   -8.996    2.411   -9.059   -2.649   -6.965   -0.050    3.393   -6.646    1.654   -2.661
     912   -8.394    8.048   -0.856   -4.590   -5.897    2.671   -1.349   -1.559    2.281   -1.229
     913  -11.968    7.460   -7.427   -8.059   -3.730   -0.757    1.245   -3.988   -0.288   -1.476
     914   -9.807   15.073    1.407   -6.665   -6.275   -1.375    2.211   -3.513   -1.550    3.039
     915   -7.163    8.272    3.566   -0.979   -7.888   -3.109    6.111   -4.901    1.120    1.722
     916   -2.292   12.186    0.784   -5.634   -6.860    3.210    4.637   -3.223    0.762   -2.347
     917   -2.199    8.160    3.391    4.168   -5.316   -7.297    6.016   -0.944   -0.446   -2.961
     918   -2.877    5.394   -2.307    3.045   -2.640   -0.282   -0.142   -3.889    4.867    2.934
     919   -5.622    8.410    1.904   -1.155   -2.929    1.627    1.082   -5.012   -0.381   -2.789
     920   -6.869   10.211    3.291   -5.786   -3.299   -2.574    1.632    0.956   -2.281   -1.134
     921   -6.318   13.233    0.474   -1.714   -0.677    4.594   -4.020   -0.045   -0.672   -1.500
     922   -5.413    9.477   -2.477   -1.439   -0.505    0.714   -1.719   -2.485    5.390    4.825
     923   -9.496    8.381    0.290   -1.666   -3.478   -4.986   -3.404   -1.408    2.062   -1.841
     924   -5.178    7.328    5.387   -1.368   -2.138   -1.309   -3.921   -6.071    1.440    2.486
     925    1.488    2.316   -0.138    4.118   -4.862   -1.301    5.257   -5.127    2.698    0.296
     926   -2.144   10.255    3.240   -3.360   -3.505   -1.722    1.755   -3.058    4.085    1.129
     927   -2.049    7.051    7.172    2.155   -6.791   -6.153   -3.976   -3.965    3.667   -1.548
     928   -3.734    8.662    4.179   -3.004   -0.924   -4.654   -0.217   -2.950    0.402    2.001
     929   -7.291    6.831   -2.670   -2.468   -2.065   -2.208   -1.535   -2.955    0.589   -1.185
     930   -2.700    6.615    0.337    3.433   -4.666   -3.940    0.327   -3.364   -0.152   -0.094
     931   -5.342    9.578    6.322   -2.468   -6.790   -6.234   -0.865   -5.202    2.278    0.905
     932   -2.463    7.567    5.755    1.078   -4.167   -0.056   -3.202   -3.798    3.572   -0.533
     933   -6.159    9.566    5.828    1.478   -4.071   -2.141   -5.201   -0.898   -1.197   -1.494
     934   -6.793    3.717   -0.138    4.312   -4.640   -3.527   -1.689   -2.227    3.247    0.438
     935   -6.716    4.824   -3.923    0.333   -0.056   -3.098   -3.070   -1.385    1.593   -4.257
     936   -6.760    6.923   -0.561    2.104   -3.879   -0.351   -0.821    2.894   -1.975   -5.190
     937   -7.840    4.727    4.779    0.269   -3.321   -0.385   -3.590    4.179   -3.925   -4.556
     938   -7.261    3.005   -0.194    2.076   -0.354   -4.050   -5.249   -0.752   -5.878   -3.381
     939   -1.237    4.851   -2.539    1.106   -0.922   -0.702   -3.351    1.523   -0.757    2.596
     940   -3.585    2.994   -1.863    0.909   -5.522    0.462   -3.323    0.223    1.324   -2.367
     941   -5.511    6.768    1.339   -0.246   -0.458   -1.250   -9.245    2.583   -0.648   -2.457
     942   -5.874    7.095   -2.163    1.474   -2.769   -2.762   -3.690    1.637   -3.157   -0.932
     943   -2.327    8.567    2.414    2.483   -1.654    2.787   -4.447    2.615    1.561   -4.941
     944    1.806    6.694    0.155    4.500    1.781    0.991   -5.817    3.150    0.772   -1.772
     945   -2.040    4.637    8.994    2.759   -5.487   -2.351    0.724   -1.321    1.745   -4.424
     946   -5.440    6.190    4.544    0.736   -3.385    1.707   -6.070    1.025   -1.767   -3.522
     947   -6.058    5.402   -2.259   -1.629   -0.632    4.403   -0.562    1.058   -1.491   -1.272
     948   -6.211    7.211   -0.466   -3.011   -3.044    0.175   -3.357   -1.262   -1.299   -0.821
     949    1.385    4.245    1.756    5.001   -8.039   -3.468    2.110    1.752   -0.645   -3.341
     950   -2.297    8.954    0.532   -0.003   -4.210    0.005   -0.514   -2.090   -4.165   -3.963
     951   -2.726    6.663    0.931    0.782   -3.987   -2.386   -3.192   -3.980   -3.431   -3.285
     952   -9.471   15.540    1.508   -5.873   -6.804    0.091   -1.688   -4.146    0.821    0.235
     953    2.334    3.825    1.836    4.329   -6.567    0.638   -0.470   -1.024    2.716   -2.836
     954   -6.199    0.455   -5.325    5.829   -6.103   -1.225    2.839   -1.164    2.703   -6.115
     955   -4.940    5.080    2.989   -1.552   -5.175   -1.246    3.210   -0.319    1.886   -2.650
     956   -3.990    8.398   -0.909   -3.870   -4.691    2.436    2.555   -4.450    0.584   -2.885
     957  -11.262    8.431  -15.305   -6.486   -5.937    3.412    4.593   -0.124    0.055   -4.850
     958   -1.949    1.702   -6.892   -4.489   -3.235    5.349    4.205   -3.265    3.311   -0.748
     959   -8.858    8.749   -3.028   -6.093  -10.623   -4.499    0.917   -3.850    3.960   -0.085
     960  -14.248    7.231   -4.616   -4.776   -8.111   -5.116   -0.811    4.055    2.334   -3.586
     961   -9.605    7.628   -3.375   -0.828   -7.150   -4.308    9.238    8.303   -1.422   -1.263
     962  -11.007   11.944   -9.333   -3.344   -7.097    1.105    2.951    4.321   -1.804   -0.352
     963    1.436    2.376    3.176    1.530   -1.304   -0.379    5.191   -2.052   -1.876    0.263
     964   -4.207    4.292   -0.293    1.388   -1.286   -2.624    2.530    2.609   -0.468   -0.097
     965   -7.125    8.197   -9.990    0.349   -7.682   -1.551   -0.263    1.297    4.353    4.967
     966   -9.102    6.865  -12.083   -1.925   -3.992   -0.574   -0.825    0.569    7.199    2.330
     967   -5.439    0.925   -7.895    2.280   -6.577    2.794    2.259   -3.326    1.342    2.786
     968   -4.410    1.163   -9.623    6.045  -11.855    1.871    4.492    0.425   -0.910    2.550
     969   -4.082    7.331   -2.894    1.420  -13.599    0.911    1.727   -0.593    7.301    1.513
     970   -2.184   -2.531   -6.371    7.046  -11.078   -5.593    7.501   -5.501    2.556    5.395
     971   -6.172   -1.389   -6.540    6.166  -11.640    1.579    2.801    3.650   -1.173    0.457
     972   -4.043   -2.358   -9.112    4.431   -1.913    3.807    4.709    1.479   -2.515    1.349
     973   -8.798   -0.582   -7.386    6.736  -10.521    0.484   -1.002   -0.303   -2.283    3.160
     974  -10.128    4.310   -8.439   -1.615   -8.064   -4.138    0.624    2.236    1.645   -2.654
     975  -18.132   13.056   -9.336  -14.223   -9.292   -2.209   -0.718    1.448    3.520    2.366
     976   -8.144    7.308  -14.393    1.354   -6.969   -5.301    2.532   -3.018    3.385    6.212
     977   -6.687    9.941   -5.916   -0.896  -13.305   -3.155    1.898   -1.813    3.932    2.618
     978  -10.490    4.593   -6.821   -3.767   -4.691    2.806   -0.141   -0.867    1.805   -4.658
     979   -5.116    5.971   -9.487   -0.443   -4.543    0.973    0.958   -3.253   -0.119    1.736
     980   -6.746    8.870   -6.247    6.831  -11.695    1.339   -3.860    1.492    2.509    1.534
     981   -6.666   10.468   -5.213   -3.446   -6.672    5.908   -3.658    5.509    0.200   -1.468
     982   -5.999    8.896    0.672   -0.874   -1.850   -0.513    1.807   -0.043   -0.321   -1.634
     983  -12.207    9.270  -12.303   -1.344   -6.370   -0.857    0.080    1.277    1.186   -0.467
     984   -7.582    3.695   -9.809    2.386   -8.557   -4.817    2.085   -0.765   -0.509    0.856
     985   -8.027    5.558  -10.013   -2.344   -4.942    3.002    1.831   -2.141    1.828   -1.061
     986   -2.606    8.074   -3.058   -2.639   -6.401    2.138    0.630   -0.424    2.488   -2.505
     987   -5.566    7.941   -4.974   -7.033   -5.219   -2.773    3.070   -4.804    1.148   -1.741
     988   -3.955    3.999  -10.384   -0.694   -6.097   10.774    3.403   -1.330    0.224   -0.502
     989   -3.218    3.678   -3.736    4.884  -10.413   -6.343    5.580    1.047    1.940    0.917
     990   -1.539    0.109   -3.611    3.573   -6.454    3.666    1.370    1.414    8.955   -1.800
     991   -4.044    2.023   -6.481   -0.174   -1.762    4.608    3.048    2.294    1.853   -1.194
     992   -4.405   -2.265   -9.124    0.092   -2.411    5.239   -0.448   -2.785   -0.528   -2.661
     993   -0.427   -2.100   -7.789    4.639   -3.181    8.352    2.785   -0.310    5.140   -0.284
     994    0.380   -2.677   -3.979    7.430   -6.758    6.101   -2.527   -0.650    3.968    1.432
     995   -4.280    2.434    2.953   -0.590   -0.682   -6.055    2.230   -2.800    2.803    1.425
     996   -6.150    7.042   -2.055    0.488   -0.169   -1.014    4.300    3.578    0.002   -1.080
     997   -4.708   -1.530   -1.751    2.564    2.096    1.705    3.081    0.127    1.834    2.086
     998   -7.708    6.877    4.704   -3.620    1.277   -0.178   -0.262    4.176   -1.629   -0.703
     999  -15.173    5.886   -8.609   -4.653   -3.429    4.846   -2.883    5.748    2.148   -6.350
    1000   -5.619   -1.593   -4.748   -0.518   -3.556    1.229    2.161    0.723   -1.126   -0.542
