#Res        AtomicFlx
   1.000       1.6665
   2.000       1.0675
   3.000       0.8265
   4.000       0.7364
   5.000       0.5657
   6.000       0.6090
   7.000       0.6995
   8.000       0.6927
   9.000       0.6265
  10.000       0.7197
  11.000       0.6951
  12.000       0.7354
  13.000       0.6135
  14.000       0.6140
  15.000       0.8039
  16.000       1.4386
  17.000       1.3470
  18.000       0.9870
  19.000       0.8305
  20.000       0.7281
  21.000       0.7070
  22.000       0.5168
  23.000       0.5221
  24.000       0.6955
  25.000       0.7443
  26.000       1.0281
  27.000       1.2881
  28.000       1.0810
  29.000       0.7104
  30.000       0.6370
  31.000       0.4933
  32.000       0.4948
  33.000       0.5184
  34.000       0.6621
  35.000       0.8077
  36.000       0.8958
  37.000       1.0744
  38.000       0.9502
  39.000       1.1949
  40.000       1.2899
  41.000       1.2332
  42.000       1.0047
  43.000       0.8589
  44.000       0.9467
  45.000       0.9155
  46.000       1.0164
  47.000       1.0049
  48.000       1.1470
  49.000       1.4375
  50.000       1.7050
  51.000       1.8953
  52.000       1.6211
  53.000       1.4119
  54.000       1.1216
  55.000       0.9841
  56.000       0.7503
  57.000       0.6579
  58.000       0.6097
  59.000       0.5751
  60.000       0.6579
  61.000       0.6632
  62.000       0.5643
  63.000       0.6547
  64.000       0.6465
  65.000       0.5984
  66.000       0.6940
  67.000       0.9356
  68.000       0.9634
  69.000       0.7145
  70.000       0.6612
  71.000       0.5826
  72.000       0.5219
  73.000       0.5291
  74.000       0.5501
  75.000       0.5160
  76.000       0.5134
  77.000       0.5746
  78.000       0.7623
  79.000       0.9327
  80.000       0.9074
  81.000       1.0900
  82.000       0.8080
  83.000       0.5589
  84.000       0.4955
  85.000       0.4777
  86.000       0.4975
  87.000       0.5159
  88.000       0.5091
  89.000       0.4748
  90.000       0.4926
  91.000       0.5319
  92.000       0.5579
  93.000       0.5985
  94.000       0.6401
  95.000       0.5870
  96.000       0.5592
  97.000       0.5907
  98.000       0.6675
  99.000       0.9405
 100.000       1.5501
 101.000       0.9552
 102.000       0.6958
 103.000       0.6549
 104.000       0.5579
 105.000       0.6186
 106.000       0.6448
 107.000       0.6129
 108.000       0.5405
 109.000       0.6691
 110.000       0.6169
 111.000       0.6832
 112.000       0.6499
 113.000       0.7383
 114.000       0.9251
 115.000       1.4292
 116.000       1.4927
 117.000       1.1461
 118.000       0.9797
 119.000       0.8168
 120.000       0.7445
 121.000       0.5768
 122.000       0.5351
 123.000       0.5568
 124.000       0.5605
 125.000       0.7324
 126.000       0.9255
 127.000       0.7585
 128.000       0.6006
 129.000       0.5676
 130.000       0.5061
 131.000       0.6133
 132.000       0.6399
 133.000       0.7182
 134.000       0.8644
 135.000       0.9493
 136.000       1.0791
 137.000       0.9884
 138.000       1.2378
 139.000       1.3622
 140.000       1.2673
 141.000       0.9837
 142.000       0.8445
 143.000       0.8377
 144.000       0.7728
 145.000       0.9457
 146.000       1.0887
 147.000       1.3951
 148.000       1.7937
 149.000       2.1158
 150.000       2.1258
 151.000       1.7076
 152.000       1.3283
 153.000       1.0415
 154.000       0.8262
 155.000       0.6185
 156.000       0.5511
 157.000       0.6182
 158.000       0.6485
 159.000       0.7568
 160.000       0.7510
 161.000       0.6198
 162.000       0.6622
 163.000       0.6552
 164.000       0.6402
 165.000       0.7275
 166.000       1.0209
 167.000       1.0428
 168.000       0.7907
 169.000       0.7299
 170.000       0.6441
 171.000       0.5839
 172.000       0.6302
 173.000       0.6311
 174.000       0.6006
 175.000       0.6204
 176.000       0.5268
 177.000       0.7132
 178.000       0.9028
 179.000       0.9569
 180.000       1.2439
 181.000       0.9786
 182.000       0.6910
 183.000       0.5752
 184.000       0.4850
 185.000       0.4899
 186.000       0.4829
 187.000       0.4701
 188.000       0.4417
 189.000       0.4532
 190.000       0.5210
 191.000       0.5657
 192.000       0.6079
 193.000       0.6830
 194.000       0.6163
 195.000       0.5692
 196.000       0.6048
 197.000       0.7014
 198.000       1.0268
