#Residue     Extended       Bridge         3-10        Alpha           Pi         Turn         Bend
       1       0.0000       0.0000       0.0000       0.0000       0.0000       0.0000       0.0000
       2       0.7710       0.0000       0.0000       0.0000       0.0000       0.0000       0.0000
       3       0.8970       0.1010       0.0000       0.0000       0.0000       0.0000       0.0000
       4       0.4830       0.0010       0.0000       0.0000       0.0000       0.0000       0.0000
       5       0.0000       0.0000       0.0000       0.0000       0.0000       0.1800       0.7260
       6       0.0000       0.0000       0.0000       0.0000       0.0000       0.1800       0.8200
       7       0.0000       0.0000       0.0000       0.0000       0.0000       0.0000       1.0000
       8       0.0000       0.0000       0.0000       0.0000       0.0000       0.0000       0.0080
       9       0.0000       0.0000       0.0000       0.0000       0.0000       0.0000       0.0000
      10       0.8840       0.0010       0.0000       0.0000       0.0000       0.0000       0.0000
      11       0.9990       0.0000       0.0000       0.0000       0.0000       0.0000       0.0000
      12       0.9980       0.0000       0.0000       0.0000       0.0000       0.0000       0.0000
      13       0.9990       0.0000       0.0000       0.0000       0.0000       0.0000       0.0000
      14       1.0000       0.0000       0.0000       0.0000       0.0000       0.0000       0.0000
      15       0.9650       0.0000       0.0000       0.0000       0.0000       0.0000       0.0140
      16       0.0000       0.0000       0.0000       0.0000       0.0000       0.9550       0.0450
      17       0.0000       0.0000       0.0000       0.0000       0.0000       0.9550       0.0450
      18       0.9550       0.0000       0.0000       0.0000       0.0000       0.0000       0.0210
      19       1.0000       0.0000       0.0000       0.0000       0.0000       0.0000       0.0000
      20       0.9990       0.0000       0.0000       0.0000       0.0000       0.0000       0.0000
      21       0.9980       0.0000       0.0000       0.0000       0.0000       0.0000       0.0000
      22       1.0000       0.0000       0.0000       0.0000       0.0000       0.0000       0.0000
      23       1.0000       0.0000       0.0000       0.0000       0.0000       0.0000       0.0000
      24       0.9970       0.0000       0.0000       0.0000       0.0000       0.0000       0.0000
      25       0.1080       0.0000       0.0000       0.0000       0.0000       0.0000       0.0000
      26       0.0000       0.0000       0.0000       0.0000       0.0000       0.1500       0.7060
      27       0.0000       0.0000       0.0000       0.0000       0.0000       0.1500       0.8490
      28       0.0000       0.0000       0.0000       0.0000       0.0000       0.0000       0.2950
      29       0.0000       0.0000       0.0000       0.0000       0.0000       0.0000       0.9100
      30       0.0000       0.0000       0.0000       0.0000       0.0000       0.0000       0.9240
      31       0.7060       0.0000       0.0000       0.0000       0.0000       0.0000       0.0000
      32       0.9970       0.0030       0.0000       0.0000       0.0000       0.0000       0.0000
      33       0.9880       0.0000       0.0000       0.0000       0.0000       0.0000       0.0000
      34       0.4320       0.0000       0.0000       0.0000       0.0000       0.0000       0.0730
      35       0.0000       0.0000       0.0000       0.0000       0.0000       0.0000       0.9400
      36       0.0000       0.0000       0.0000       0.0000       0.0000       0.0000       0.0080
      37       0.0000       0.0000       0.0000       0.0000       0.0000       0.0000       0.0000
      38       0.0000       0.0000       0.0000       0.0000       0.0000       0.0000       0.0000
      39       0.0000       0.0000       0.0000       0.0000       0.0000       0.0000       0.8730
      40       0.0000       0.0000       0.0000       0.0000       0.0000       0.0000       1.0000
      41       0.0040       0.0000       0.0000       0.0000       0.0000       0.0000       0.0050
      42       0.1620       0.0000       0.0000       0.0000       0.0000       0.0000       0.0000
      43       0.9900       0.0080       0.0000       0.0000       0.0000       0.0000       0.0000
      44       0.9920       0.0000       0.0000       0.0000       0.0000       0.0000       0.0000
      45       0.9920       0.0000       0.0000       0.0000       0.0000       0.0000       0.0000
      46       1.0000       0.0000       0.0000       0.0000       0.0000       0.0000       0.0000
      47       1.0000       0.0000       0.0000       0.0000       0.0000       0.0000       0.0000
      48       0.8440       0.0000       0.0000       0.0000       0.0000       0.0000       0.0000
      49       0.6000       0.0000       0.0000       0.0000       0.0000       0.0000       0.0000
      50       0.0350       0.0280       0.0000       0.0000       0.0000       0.6690       0.2680
      51       0.0030       0.0010       0.0000       0.0000       0.0000       0.7070       0.2890
      52       0.6060       0.0020       0.0000       0.0000       0.0000       0.0000       0.3680
      53       0.8440       0.0000       0.0000       0.0000       0.0000       0.0000       0.0000
      54       1.0000       0.0000       0.0000       0.0000       0.0000       0.0000       0.0000
      55       1.0000       0.0000       0.0000       0.0000       0.0000       0.0000       0.0000
      56       0.9920       0.0000       0.0000       0.0000       0.0000       0.0000       0.0000
      57       1.0000       0.0000       0.0000       0.0000       0.0000       0.0000       0.0000
      58       1.0000       0.0000       0.0000       0.0000       0.0000       0.0000       0.0000
      59       0.9970       0.0000       0.0000       0.0000       0.0000       0.0000       0.0000
      60       0.9940       0.0000       0.0000       0.0000       0.0000       0.0000       0.0020
      61       0.9940       0.0000       0.0000       0.0000       0.0000       0.0000       0.0060
      62       0.9990       0.0000       0.0000       0.0000       0.0000       0.0000       0.0000
      63       0.9990       0.0000       0.0000       0.0000       0.0000       0.0000       0.0000
      64       0.9980       0.0000       0.0000       0.0000       0.0000       0.0000       0.0000
      65       1.0000       0.0000       0.0000       0.0000       0.0000       0.0000       0.0000
      66       1.0000       0.0000       0.0000       0.0000       0.0000       0.0000       0.0000
      67       0.0000       0.0000       0.0000       0.0000       0.0000       0.9980       0.0020
      68       0.0000       0.0000       0.0000       0.0000       0.0000       0.9970       0.0030
      69       0.9930       0.0030       0.0000       0.0000       0.0000       0.0000       0.0000
      70       0.9960       0.0000       0.0000       0.0000       0.0000       0.0000       0.0000
      71       0.9970       0.0000       0.0000       0.0000       0.0000       0.0000       0.0000
      72       0.9990       0.0000       0.0000       0.0000       0.0000       0.0000       0.0000
      73       0.9990       0.0000       0.0000       0.0000       0.0000       0.0000       0.0000
      74       0.9940       0.0000       0.0000       0.0000       0.0000       0.0000       0.0000
      75       0.9990       0.0000       0.0000       0.0000       0.0000       0.0000       0.0000
      76       1.0000       0.0000       0.0000       0.0000       0.0000       0.0000       0.0000
      77       1.0000       0.0000       0.0000       0.0000       0.0000       0.0000       0.0000
      78       0.4270       0.0000       0.0000       0.0000       0.0000       0.0000       0.2870
      79       0.0130       0.0000       0.0000       0.0000       0.0000       0.0000       0.9330
      80       0.0010       0.0050       0.0000       0.0000       0.0000       0.0000       0.0020
      81       0.0000       0.0000       0.0000       0.0000       0.0000       0.0000       1.0000
      82       0.0000       0.0000       0.0000       0.0000       0.0000       0.0000       0.9980
      83       0.3980       0.0000       0.0000       0.0000       0.0000       0.0000       0.0000
      84       0.9970       0.0030       0.0000       0.0000       0.0000       0.0000       0.0000
      85       0.9970       0.0000       0.0000       0.0000       0.0000       0.0000       0.0000
      86       0.1080       0.0000       0.0000       0.0000       0.0000       0.0000       0.0000
      87       0.0000       0.0000       0.0010       0.9990       0.0000       0.0000       0.0000
      88       0.0000       0.0000       0.0010       0.9990       0.0000       0.0000       0.0000
      89       0.0000       0.0000       0.0010       0.9990       0.0000       0.0000       0.0000
      90       0.0000       0.0000       0.0000       0.9990       0.0000       0.0010       0.0000
      91       0.0000       0.0000       0.1010       0.2380       0.0000       0.6610       0.0000
      92       0.0000       0.0000       0.1010       0.2380       0.0000       0.6610       0.0000
      93       0.0000       0.0000       0.1010       0.2130       0.0000       0.6850       0.0010
      94       0.0000       0.0000       0.0000       0.0000       0.0000       0.9990       0.0000
      95       0.0000       0.0000       0.0000       0.0000       0.0000       0.0000       0.0000
      96       0.9920       0.0000       0.0000       0.0000       0.0000       0.0000       0.0000
      97       1.0000       0.0000       0.0000       0.0000       0.0000       0.0000       0.0000
      98       0.9970       0.0000       0.0000       0.0000       0.0000       0.0030       0.0000
      99       0.0000       0.0000       0.0000       0.0000       0.0000       0.9970       0.0030
     100       0.0000       0.0000       0.0000       0.0000       0.0000       0.9970       0.0030
     101       0.7890       0.0010       0.0000       0.0000       0.0000       0.2070       0.0000
     102       0.9060       0.0900       0.0000       0.0000       0.0000       0.0000       0.0000
     103       0.5290       0.0020       0.0000       0.0000       0.0000       0.0000       0.0000
     104       0.0000       0.0000       0.0000       0.0000       0.0000       0.2790       0.5820
     105       0.0000       0.0000       0.0000       0.0000       0.0000       0.2790       0.7210
     106       0.0000       0.0000       0.0000       0.0000       0.0000       0.0000       1.0000
     107       0.0000       0.0000       0.0000       0.0000       0.0000       0.0000       0.0050
     108       0.0000       0.0000       0.0000       0.0000       0.0000       0.0000       0.0000
     109       0.9900       0.0010       0.0000       0.0000       0.0000       0.0000       0.0000
     110       0.9990       0.0000       0.0000       0.0000       0.0000       0.0000       0.0000
     111       0.9990       0.0000       0.0000       0.0000       0.0000       0.0000       0.0000
     112       0.9990       0.0000       0.0000       0.0000       0.0000       0.0000       0.0000
     113       1.0000       0.0000       0.0000       0.0000       0.0000       0.0000       0.0000
     114       0.9550       0.0000       0.0000       0.0000       0.0000       0.0000       0.0070
     115       0.0000       0.0000       0.0000       0.0000       0.0000       0.9490       0.0510
     116       0.0000       0.0000       0.0000       0.0000       0.0000       0.9490       0.0510
     117       0.9480       0.0010       0.0000       0.0000       0.0000       0.0000       0.0310
     118       0.9990       0.0000       0.0000       0.0000       0.0000       0.0000       0.0000
     119       0.9990       0.0000       0.0000       0.0000       0.0000       0.0000       0.0000
     120       0.9990       0.0000       0.0000       0.0000       0.0000       0.0000       0.0000
     121       1.0000       0.0000       0.0000       0.0000       0.0000       0.0000       0.0000
     122       1.0000       0.0000       0.0000       0.0000       0.0000       0.0000       0.0000
     123       0.9890       0.0000       0.0000       0.0000       0.0000       0.0000       0.0000
     124       0.0890       0.0000       0.0000       0.0000       0.0000       0.0000       0.0000
     125       0.0000       0.0000       0.0000       0.0000       0.0000       0.2230       0.7770
     126       0.0000       0.0000       0.0000       0.0000       0.0000       0.2230       0.7770
     127       0.0000       0.0000       0.0000       0.0000       0.0000       0.0000       0.0050
     128       0.0000       0.0000       0.0000       0.0000       0.0000       0.0000       0.9990
     129       0.0000       0.0000       0.0000       0.0000       0.0000       0.0000       1.0000
     130       0.6290       0.0000       0.0000       0.0000       0.0000       0.0000       0.0000
     131       0.9980       0.0020       0.0000       0.0000       0.0000       0.0000       0.0000
     132       0.9970       0.0000       0.0000       0.0000       0.0000       0.0000       0.0000
     133       0.5740       0.0020       0.0000       0.0000       0.0000       0.0000       0.2450
     134       0.0000       0.0000       0.0000       0.0000       0.0000       0.0020       0.9590
     135       0.0000       0.0000       0.0000       0.0000       0.0000       0.0000       0.0090
     136       0.0000       0.0000       0.0000       0.0000       0.0000       0.0000       0.0000
     137       0.0000       0.0000       0.0000       0.0000       0.0000       0.0000       0.0000
     138       0.0000       0.0000       0.0000       0.0000       0.0000       0.0000       0.8040
     139       0.0000       0.0000       0.0000       0.0000       0.0000       0.0000       0.9990
     140       0.0070       0.0000       0.0000       0.0000       0.0000       0.0000       0.0040
     141       0.2290       0.0000       0.0000       0.0000       0.0000       0.0000       0.0000
     142       0.9890       0.0100       0.0000       0.0000       0.0000       0.0000       0.0000
     143       0.9840       0.0000       0.0000       0.0000       0.0000       0.0000       0.0000
     144       0.9850       0.0000       0.0000       0.0000       0.0000       0.0000       0.0000
     145       1.0000       0.0000       0.0000       0.0000       0.0000       0.0000       0.0000
     146       1.0000       0.0000       0.0000       0.0000       0.0000       0.0000       0.0000
     147       0.9910       0.0000       0.0000       0.0000       0.0000       0.0000       0.0000
     148       0.6350       0.0000       0.0000       0.0000       0.0000       0.0000       0.0440
     149       0.0000       0.0000       0.0000       0.0000       0.0000       0.6410       0.3590
     150       0.0000       0.0070       0.0000       0.0000       0.0000       0.6410       0.3520
     151       0.6630       0.0000       0.0000       0.0000       0.0000       0.0000       0.0020
     152       0.9910       0.0000       0.0000       0.0000       0.0000       0.0000       0.0000
     153       1.0000       0.0000       0.0000       0.0000       0.0000       0.0000       0.0000
     154       1.0000       0.0000       0.0000       0.0000       0.0000       0.0000       0.0000
     155       0.9850       0.0000       0.0000       0.0000       0.0000       0.0000       0.0000
     156       0.9990       0.0000       0.0000       0.0000       0.0000       0.0000       0.0000
     157       1.0000       0.0000       0.0000       0.0000       0.0000       0.0000       0.0000
     158       0.9930       0.0000       0.0000       0.0000       0.0000       0.0000       0.0000
     159       0.9880       0.0000       0.0000       0.0000       0.0000       0.0000       0.0060
     160       0.9870       0.0000       0.0000       0.0000       0.0000       0.0000       0.0130
     161       0.9950       0.0000       0.0000       0.0000       0.0000       0.0000       0.0000
     162       0.9960       0.0000       0.0000       0.0000       0.0000       0.0000       0.0000
     163       1.0000       0.0000       0.0000       0.0000       0.0000       0.0000       0.0000
     164       1.0000       0.0000       0.0000       0.0000       0.0000       0.0000       0.0000
     165       1.0000       0.0000       0.0000       0.0000       0.0000       0.0000       0.0000
     166       0.0000       0.0000       0.0000       0.0000       0.0000       0.9900       0.0100
     167       0.0000       0.0000       0.0000       0.0000       0.0000       0.9900       0.0100
     168       0.9890       0.0000       0.0000       0.0000       0.0000       0.0000       0.0010
     169       0.9990       0.0000       0.0000       0.0000       0.0000       0.0000       0.0000
     170       1.0000       0.0000       0.0000       0.0000       0.0000       0.0000       0.0000
     171       0.9960       0.0000       0.0000       0.0000       0.0000       0.0000       0.0000
     172       0.9950       0.0000       0.0000       0.0000       0.0000       0.0000       0.0030
     173       0.9880       0.0000       0.0000       0.0000       0.0000       0.0000       0.0000
     174       0.9970       0.0000       0.0000       0.0000       0.0000       0.0000       0.0000
     175       1.0000       0.0000       0.0000       0.0000       0.0000       0.0000       0.0000
     176       1.0000       0.0000       0.0000       0.0000       0.0000       0.0000       0.0000
     177       0.5760       0.0000       0.0000       0.0000       0.0000       0.0000       0.2540
     178       0.0070       0.0000       0.0000       0.0000       0.0000       0.0000       0.8110
     179       0.0010       0.0000       0.0000       0.0000       0.0000       0.0000       0.0000
     180       0.0000       0.0000       0.0000       0.0000       0.0000       0.0000       1.0000
     181       0.0000       0.0000       0.0000       0.0000       0.0000       0.0000       0.9950
     182       0.3030       0.0000       0.0000       0.0000       0.0000       0.0000       0.0000
     183       0.9920       0.0080       0.0000       0.0000       0.0000       0.0000       0.0000
     184       0.9890       0.0000       0.0000       0.0000       0.0000       0.0000       0.0000
     185       0.0890       0.0000       0.0000       0.0000       0.0000       0.0000       0.0000
     186       0.0000       0.0000       0.0030       0.9930       0.0000       0.0040       0.0000
     187       0.0000       0.0000       0.0030       0.9930       0.0000       0.0040       0.0000
     188       0.0000       0.0000       0.0030       0.9930       0.0000       0.0040       0.0000
     189       0.0000       0.0000       0.0000       0.9930       0.0000       0.0070       0.0000
     190       0.0000       0.0000       0.0630       0.2420       0.0000       0.6950       0.0000
     191       0.0000       0.0000       0.0630       0.2410       0.0000       0.6960       0.0000
     192       0.0000       0.0000       0.0630       0.2100       0.0000       0.7270       0.0000
     193       0.0000       0.0000       0.0000       0.0000       0.0000       1.0000       0.0000
     194       0.0000       0.0000       0.0000       0.0000       0.0000       0.0000       0.0000
     195       0.9960       0.0000       0.0000       0.0000       0.0000       0.0000       0.0000
     196       1.0000       0.0000       0.0000       0.0000       0.0000       0.0000       0.0000
     197       0.9930       0.0000       0.0000       0.0000       0.0000       0.0000       0.0000
     198       0.0000       0.0000       0.0000       0.0000       0.0000       0.0000       0.0000
