#Clustering: 5 clusters 1000 frames
#Cluster 0 has average-distance-to-centroid 0.810764
#Cluster 1 has average-distance-to-centroid 0.813883
#Cluster 2 has average-distance-to-centroid 0.704031
#Cluster 3 has average-distance-to-centroid 0.633138
#Cluster 4 has average-distance-to-centroid 0.621673
#DBI: 1.964974
#pSF: 61.806105
#SSR/SST: 0.199018
#Algorithm: Kmeans nclusters 5 maxit 500
..................................................................................................................................................................................................................................................................................................................................................................................X........................................X...X......................X.XX.XX.X....XXXXXXX.XXX.X...XXXXXXX.XXXXXXXXXXXXXXXXXXXXXXXXXXXXXXXXXXXXXXXXXXXXXXXXXXXXXXXXXXXXXXXXXXXXXXXXXXXXXXXXXXXXXXXXXXXXXXXXXXXXXXXXXXXXXXXXXXXXXXXXXXXXXXXXXXXXXXXXXXXXXXXXXXXXXXXXXXXXXXXXXXXXXXXXXXXXXXXXXXXXXXXXXXXXXXXXX.X..XXXX.XXXXXXXXXXXXXXXXXXXXXXXXXX.XXX.XXXXXXXXXXXXXXXXXXXXXXXXXXXXXXXXXXXXXXXXXXXXXXXXXXXXXXXXXXXXXXXXXXXXXXXXXXXXXXXXXXXXXXXXXXXXXXXXXXXXXXXXXXXXXXXXXXXXXXXXXXXXXXXXXXXXXXXXXXXXXXXXXXXXXX.XXXXXXXXXXXXXX.XXXXXXXXXXXXXXXXXXXXXXXXXXXXXXXXXXXXXXXXXXXXXXXXXXXXXXXXXXXXXXXXXXXXX.XXXX.XXX.XXXXXXXXXXXXXXXXXXXXXXXXXXXXXXXXXXXXXXXXXXXXXXX
XXXXXXXXXXXXXXXXXXXXXXXXXX....X..................XXXXXXXXXXXXXXXXXXXXXXXXXXXXXXXXXXXXXXXXXXXXXXXXXXXXXXXXXXXXXXXXXXXXXXXXXXXXXXXXXXXXXXXXXXXXXXXXXXXXXXXXXXXXXXXXXXXXXXXXXXXXXXXXXXXXXXXXXXXXXX.X......XX.XXXXXXXXXXXXXXXXXXXXXXXXXXXXXXXXXXXXXXXXXXXXXXXXXXXXXXXXXXXXXXXXXXXXXXXXXXXXXXXXXXXXXXXXXXXXXXXXXXXXXXXXXXXXXXXXXXXXXXXXXXXXXXXXXXXXXXXXXXXXXXXXXXXXXXXXXXXXXXXXXXXXXXXX.XXXXXXXXXXXXXXXXXXXXXXXXXXXXXXXXXXXXXXXX.XXX.XXXXXXXXXXXXXXXXXXXXXX.X..X..X.XXXX.......X...X.XXX.......X...............................................................................................................................................................................................................................................................................................................................................................................................X..............X.....................................................................X....X...X...............................................
..........................XXXX.XXXXXXXXXXXXXXXXXX.......................................................................................................................................................................................................................................................................................................................................................................................................................................................................................................................................................................................................................................................................................................................................................................................................................................................................................................................................................................................
...............................................................................................................................................................................................X.XXXXXX..X..............................................................................................................................................................................................................................................................................................................................................................................................................................................................................................................................................................................................................................................................................................................................................................................................................................
............................................................................................................................................................................................................................................................................................................................................................................................................................................................................................................................................................................................................................................................................................X.XX....X..........................X...X....................................................................................................................................................................................................................................................................................................
#Representative frames: 583 313 43 195 677
#Sieve value: 10 (random)
#Sieved frames: 10 26 46 62 64 73 101 105 106 108 111 131 136 150 156 191 199 206 210 211 244 245 265 272 295 296 311 322 354 360 370 380 389 398 405 419 434 440 447 451 476 481 483 509 522 541 543 563 567 575 583 592 599 601 602 603 604 610 626 629 648 655 657 661 677 684 686 701 710 716 720 724 733 743 753 775 797 804 816 845 848 860 868 883 892 901 914 919 934 941 942 943 947 950 955 959 965 967 982 993
